<?xml version="1.0" encoding="utf-8"?>
<COLLADA xmlns="http://www.collada.org/2005/11/COLLADASchema" version="1.4.1">
  <asset><contributor><author>Mixamo</author><authoring_tool>COLLADA Mixamo exporter</authoring_tool><comments></comments></contributor><created>2019-04-23T18:50:52Z</created><modified>2019-04-23T18:50:52Z</modified><revision></revision><title></title><unit meter="0.010000"/><up_axis>Y_UP</up_axis></asset>
  <library_animations>
    <animation id="Mutant_Hips-anim" name="Mutant_Hips"><source id="Mutant_Hips-Matrix-animation-input"><float_array id="Mutant_Hips-Matrix-animation-input-array" count="43">

0.000000 0.033333 0.066667 0.100000 0.133333 0.166667 0.200000 0.233333 0.266667 0.300000 0.333333 0.366667 0.400000 0.433333 0.466667 0.500000
0.533333 0.566667 0.600000 0.633333 0.666667 0.700000 0.733333 0.766667 0.800000 0.833333 0.866667 0.900000 0.933333 0.966667 1.000000 1.033333
1.066667 1.100000 1.133333 1.166667 1.200000 1.233333 1.266667 1.300000 1.333333 1.366667 1.400000</float_array><technique_common><accessor source="#Mutant_Hips-Matrix-animation-input-array" count="43"><param name="TIME" type="float"/></accessor></technique_common></source><source id="Mutant_Hips-Matrix-animation-output-transform"><float_array id="Mutant_Hips-Matrix-animation-output-transform-array" count="688">

0.989618 -0.096983 0.106066 2.563446 0.108451 0.988183 -0.108315 91.180573 -0.094308 0.118693 0.988442 -1.510993 0.000000 0.000000 0.000000 1.000000
0.989749 -0.105622 0.096124 2.263272 0.114076 0.989641 -0.087164 91.336502 -0.085922 0.097236 0.991546 -2.002840 0.000000 0.000000 0.000000 1.000000
0.990618 -0.107841 0.083945 2.081306 0.114334 0.990468 -0.076818 91.057373 -0.074861 0.085695 0.993505 -2.478448 0.000000 0.000000 0.000000 1.000000
0.992204 -0.105407 0.066494 2.023713 0.110476 0.990827 -0.077823 90.422035 -0.057681 0.084563 0.994747 -2.934363 0.000000 0.000000 0.000000 1.000000
0.993988 -0.100542 0.043343 2.075863 0.103940 0.990946 -0.084984 89.534470 -0.034406 0.088978 0.995439 -3.372331 0.000000 0.000000 0.000000 1.000000
0.995346 -0.094781 0.017408 2.200927 0.095991 0.991091 -0.092328 88.399849 -0.008502 0.093569 0.995576 -3.744552 0.000000 0.000000 0.000000 1.000000
0.996033 -0.088580 -0.008449 2.408965 0.087338 0.991385 -0.097607 87.006226 0.017022 0.096481 0.995189 -4.024206 0.000000 0.000000 0.000000 1.000000
0.996158 -0.080318 -0.034911 2.762773 0.076406 0.991870 -0.101764 85.345276 0.042800 0.098706 0.994196 -4.161439 0.000000 0.000000 0.000000 1.000000
0.995257 -0.071574 -0.065880 3.281694 0.064191 0.992069 -0.108067 83.458694 0.073092 0.103326 0.991958 -4.218904 0.000000 0.000000 0.000000 1.000000
0.992433 -0.064281 -0.104614 3.909845 0.051369 0.991231 -0.121749 81.652679 0.111523 0.115454 0.987032 -4.107762 0.000000 0.000000 0.000000 1.000000
0.986837 -0.066079 -0.147601 4.521389 0.044234 0.988198 -0.146658 80.192665 0.155550 0.138199 0.978113 -3.778387 0.000000 0.000000 0.000000 1.000000
0.979397 -0.073996 -0.187901 5.109589 0.040077 0.983163 -0.178279 78.806458 0.197929 0.167076 0.965873 -2.931995 0.000000 0.000000 0.000000 1.000000
0.973678 -0.084109 -0.211840 5.605755 0.040106 0.978144 -0.204024 77.527168 0.224371 0.190158 0.955771 -1.814281 0.000000 0.000000 0.000000 1.000000
0.972601 -0.092171 -0.213429 6.092873 0.045735 0.975967 -0.213064 76.948891 0.227938 0.197466 0.953442 -1.023315 0.000000 0.000000 0.000000 1.000000
0.974515 -0.095707 -0.202883 6.576235 0.053415 0.977407 -0.204504 76.977112 0.217872 0.188455 0.957610 -0.444339 0.000000 0.000000 0.000000 1.000000
0.976952 -0.094914 -0.191197 7.002463 0.057909 0.979963 -0.190578 77.803001 0.205455 0.175113 0.962873 -0.048856 0.000000 0.000000 0.000000 1.000000
0.979705 -0.088244 -0.179973 7.333601 0.054991 0.981756 -0.182021 79.431206 0.192752 0.168430 0.966684 0.422537 0.000000 0.000000 0.000000 1.000000
0.983298 -0.073680 -0.166420 7.686443 0.043436 0.982971 -0.178554 81.592072 0.176741 0.168343 0.969754 0.911388 0.000000 0.000000 0.000000 1.000000
0.987526 -0.050903 -0.149002 8.039867 0.024711 0.984679 -0.172618 83.875969 0.155506 0.166783 0.973654 1.341164 0.000000 0.000000 0.000000 1.000000
0.991001 -0.021564 -0.132105 8.200315 0.000168 0.987138 -0.159873 86.032333 0.133854 0.158412 0.978258 1.772739 0.000000 0.000000 0.000000 1.000000
0.992701 0.009996 -0.120187 8.127500 -0.027379 0.989218 -0.143867 87.855072 0.117453 0.146108 0.982271 2.268429 0.000000 0.000000 0.000000 1.000000
0.993121 0.037888 -0.110795 7.960579 -0.052534 0.989801 -0.132414 89.264748 0.104649 0.137323 0.984983 2.832850 0.000000 0.000000 0.000000 1.000000
0.993647 0.056806 -0.097157 8.081002 -0.068728 0.989883 -0.124132 90.205170 0.089122 0.130021 0.987498 3.426406 0.000000 0.000000 0.000000 1.000000
0.994927 0.065472 -0.076381 8.426814 -0.074328 0.990044 -0.119536 90.704193 0.067794 0.124607 0.989887 4.071578 0.000000 0.000000 0.000000 1.000000
0.996216 0.069776 -0.051812 8.675100 -0.075438 0.990280 -0.116855 90.717430 0.043155 0.120321 0.991797 4.762156 0.000000 0.000000 0.000000 1.000000
0.997079 0.071869 -0.025836 8.846685 -0.074376 0.990604 -0.114767 90.258141 0.017345 0.116354 0.993056 5.488178 0.000000 0.000000 0.000000 1.000000
0.997416 0.071848 -0.000403 8.967331 -0.071433 0.991023 -0.113009 89.238609 -0.007720 0.112745 0.993594 6.072453 0.000000 0.000000 0.000000 1.000000
0.997286 0.069763 0.023553 9.057294 -0.066724 0.991515 -0.111559 87.562889 -0.031136 0.109684 0.993479 6.319249 0.000000 0.000000 0.000000 1.000000
0.996902 0.064286 0.045312 9.125656 -0.058954 0.992122 -0.110538 85.200195 -0.052061 0.107524 0.992838 6.163517 0.000000 0.000000 0.000000 1.000000
0.996631 0.054208 0.061543 8.986563 -0.047040 0.992541 -0.112470 82.614510 -0.067180 0.109197 0.991747 5.822019 0.000000 0.000000 0.000000 1.000000
0.996166 0.044155 0.075516 8.676439 -0.035248 0.992687 -0.115460 79.989609 -0.080062 0.112355 0.990437 5.493084 0.000000 0.000000 0.000000 1.000000
0.995526 0.036015 0.087350 8.277153 -0.025360 0.992431 -0.120154 77.676674 -0.091016 0.117401 0.988905 5.086084 0.000000 0.000000 0.000000 1.000000
0.995053 0.030951 0.094405 7.754450 -0.018410 0.991221 -0.130927 76.609299 -0.097629 0.128541 0.986887 4.519817 0.000000 0.000000 0.000000 1.000000
0.994641 0.027078 0.099784 7.162508 -0.012366 0.989325 -0.145199 76.791077 -0.102651 0.143187 0.984358 3.964853 0.000000 0.000000 0.000000 1.000000
0.994207 0.021600 0.105292 6.613377 -0.004798 0.987542 -0.157284 77.762650 -0.107378 0.155868 0.981924 3.490664 0.000000 0.000000 0.000000 1.000000
0.993846 0.012875 0.110017 6.078110 0.005480 0.986290 -0.164929 79.395470 -0.110633 0.164517 0.980150 3.118885 0.000000 0.000000 0.000000 1.000000
0.993422 -0.000695 0.114506 5.540764 0.020143 0.985449 -0.168774 81.474686 -0.112723 0.169971 0.978981 2.826550 0.000000 0.000000 0.000000 1.000000
0.992679 -0.016739 0.119614 4.983421 0.037111 0.984713 -0.170188 83.800598 -0.114936 0.173381 0.978125 2.612592 0.000000 0.000000 0.000000 1.000000
0.991858 -0.034691 0.122530 4.413740 0.055313 0.984037 -0.169148 86.083328 -0.114706 0.174549 0.977944 2.352246 0.000000 0.000000 0.000000 1.000000
0.990908 -0.051230 0.124405 3.880532 0.071470 0.983847 -0.164126 88.060966 -0.113987 0.171525 0.978563 1.986841 0.000000 0.000000 0.000000 1.000000
0.990221 -0.066754 0.122500 3.398849 0.085538 0.984185 -0.155124 89.599930 -0.110207 0.164085 0.980271 1.558373 0.000000 0.000000 0.000000 1.000000
0.989846 -0.082831 0.115517 2.957902 0.098128 0.986148 -0.133730 90.642815 -0.102840 0.143708 0.984262 1.048801 0.000000 0.000000 0.000000 1.000000
0.989645 -0.096792 0.105994 2.569003 0.108257 0.988199 -0.108370 91.182327 -0.094253 0.118723 0.988444 0.535313 0.000000 0.000000 0.000000 1.000000</float_array><technique_common><accessor source="#Mutant_Hips-Matrix-animation-output-transform-array" count="43" stride="16"><param type="float4x4"/></accessor></technique_common></source><source id="Mutant_Hips-Interpolations"><Name_array id="Mutant_Hips-Interpolations-array" count="43">
 LINEAR LINEAR LINEAR LINEAR LINEAR LINEAR LINEAR LINEAR LINEAR LINEAR LINEAR
LINEAR LINEAR LINEAR LINEAR LINEAR LINEAR LINEAR LINEAR LINEAR LINEAR LINEAR LINEAR
LINEAR LINEAR LINEAR LINEAR LINEAR LINEAR LINEAR LINEAR LINEAR LINEAR LINEAR LINEAR
LINEAR LINEAR LINEAR LINEAR LINEAR LINEAR LINEAR LINEAR</Name_array><technique_common><accessor source="#Mutant_Hips-Interpolations-array" count="43"><param type="name"/></accessor></technique_common></source><sampler id="Mutant_Hips-Matrix-animation-transform"><input semantic="INPUT" source="#Mutant_Hips-Matrix-animation-input"/><input semantic="OUTPUT" source="#Mutant_Hips-Matrix-animation-output-transform"/><input semantic="INTERPOLATION" source="#Mutant_Hips-Interpolations"/></sampler><channel source="#Mutant_Hips-Matrix-animation-transform" target="Mutant_Hips/matrix"/></animation>
    <animation id="Mutant_Spine-anim" name="Mutant_Spine"><source id="Mutant_Spine-Matrix-animation-input"><float_array id="Mutant_Spine-Matrix-animation-input-array" count="43">

0.000000 0.033333 0.066667 0.100000 0.133333 0.166667 0.200000 0.233333 0.266667 0.300000 0.333333 0.366667 0.400000 0.433333 0.466667 0.500000
0.533333 0.566667 0.600000 0.633333 0.666667 0.700000 0.733333 0.766667 0.800000 0.833333 0.866667 0.900000 0.933333 0.966667 1.000000 1.033333
1.066667 1.100000 1.133333 1.166667 1.200000 1.233333 1.266667 1.300000 1.333333 1.366667 1.400000</float_array><technique_common><accessor source="#Mutant_Spine-Matrix-animation-input-array" count="43"><param name="TIME" type="float"/></accessor></technique_common></source><source id="Mutant_Spine-Matrix-animation-output-transform"><float_array id="Mutant_Spine-Matrix-animation-output-transform-array" count="688">

0.999484 0.024955 0.020214 0.000000 -0.023235 0.996423 -0.081248 10.763900 -0.022169 0.080736 0.996489 1.243500 0.000000 0.000000 0.000000 1.000000
0.999079 0.029339 0.031319 0.000000 -0.026634 0.996146 -0.083569 10.763900 -0.033650 0.082658 0.996010 1.243500 0.000000 0.000000 0.000000 1.000000
0.998632 0.032360 0.041080 0.000000 -0.028774 0.995960 -0.085062 10.763900 -0.043667 0.083764 0.995528 1.243500 0.000000 0.000000 0.000000 1.000000
0.998161 0.034937 0.049548 0.000000 -0.030624 0.995886 -0.085282 10.763900 -0.052323 0.083608 0.995124 1.243500 0.000000 0.000000 0.000000 1.000000
0.997651 0.038140 0.056910 0.000000 -0.033259 0.995879 -0.084378 10.763900 -0.059894 0.082287 0.994807 1.243500 0.000000 0.000000 0.000000 1.000000
0.997100 0.041899 0.063523 0.000000 -0.036569 0.995889 -0.082877 10.763900 -0.066734 0.080314 0.994533 1.243500 0.000000 0.000000 0.000000 1.000000
0.996549 0.044641 0.069974 0.000000 -0.038918 0.995944 -0.081118 10.763900 -0.073311 0.078115 0.994245 1.243500 0.000000 0.000000 0.000000 1.000000
0.996017 0.045321 0.076783 -0.000000 -0.039216 0.996084 -0.079239 10.763900 -0.080074 0.075913 0.993894 1.243500 0.000000 0.000000 0.000000 1.000000
0.995456 0.045701 0.083533 -0.000000 -0.039235 0.996222 -0.077480 10.763900 -0.086758 0.073851 0.993488 1.243500 0.000000 0.000000 0.000000 1.000000
0.994840 0.048965 0.088854 0.000000 -0.042251 0.996217 -0.075935 10.763900 -0.092236 0.071789 0.993146 1.243500 0.000000 0.000000 0.000000 1.000000
0.994239 0.055201 0.091876 0.000000 -0.048453 0.996071 -0.074130 10.763900 -0.095607 0.069251 0.993007 1.243500 0.000000 0.000000 0.000000 1.000000
0.993851 0.060801 0.092541 0.000000 -0.054208 0.995919 -0.072160 10.763900 -0.096551 0.066700 0.993091 1.243500 0.000000 0.000000 0.000000 1.000000
0.993886 0.063348 0.090428 0.000000 -0.056913 0.995776 -0.072047 10.763900 -0.094610 0.066460 0.993294 1.243500 0.000000 0.000000 0.000000 1.000000
0.994343 0.063765 0.084942 0.000000 -0.057360 0.995470 -0.075825 10.763900 -0.089392 0.070524 0.993497 1.243500 0.000000 0.000000 0.000000 1.000000
0.995073 0.063376 0.076248 0.000000 -0.057051 0.994961 -0.082445 10.763900 -0.081089 0.077689 0.993675 1.243500 0.000000 0.000000 0.000000 1.000000
0.996004 0.061259 0.064989 0.000000 -0.055408 0.994552 -0.088297 10.763900 -0.070044 0.084343 0.993972 1.243500 0.000000 0.000000 0.000000 1.000000
0.997118 0.055466 0.051765 -0.000000 -0.050616 0.994589 -0.090719 10.763900 -0.056517 0.087838 0.994530 1.243500 0.000000 0.000000 0.000000 1.000000
0.998239 0.046123 0.037301 0.000000 -0.042606 0.995017 -0.090146 10.763900 -0.041273 0.088398 0.995230 1.243500 0.000000 0.000000 0.000000 1.000000
0.999096 0.036042 0.022563 -0.000000 -0.033910 0.995486 -0.088640 10.763900 -0.025656 0.087795 0.995808 1.243500 0.000000 0.000000 0.000000 1.000000
0.999566 0.028226 0.008417 0.000000 -0.027387 0.995825 -0.087075 10.763900 -0.010839 0.086807 0.996166 1.243500 0.000000 0.000000 0.000000 1.000000
0.999708 0.023644 -0.004904 0.000000 -0.023974 0.996117 -0.084709 10.763900 0.002882 0.084802 0.996394 1.243500 0.000000 0.000000 0.000000 1.000000
0.999614 0.021311 -0.017821 0.000000 -0.022694 0.996423 -0.081402 10.763900 0.016022 0.081775 0.996522 1.243500 0.000000 0.000000 0.000000 1.000000
0.999339 0.019516 -0.030668 0.000000 -0.021885 0.996643 -0.078896 10.763900 0.029026 0.079516 0.996411 1.243500 0.000000 0.000000 0.000000 1.000000
0.998945 0.016560 -0.042829 0.000000 -0.019912 0.996670 -0.079067 10.763900 0.041377 0.079836 0.995949 1.243500 0.000000 0.000000 0.000000 1.000000
0.998549 0.011084 -0.052691 0.000000 -0.015381 0.996524 -0.081872 10.763900 0.051600 0.082563 0.995249 1.243500 0.000000 0.000000 0.000000 1.000000
0.998266 0.002432 -0.058811 0.000000 -0.007492 0.996268 -0.085983 10.763900 0.058382 0.086274 0.994559 1.243500 0.000000 0.000000 0.000000 1.000000
0.998069 -0.008907 -0.061472 -0.000000 0.003322 0.995902 -0.090375 10.763900 0.062025 0.089996 0.994009 1.243500 0.000000 0.000000 0.000000 1.000000
0.997823 -0.020758 -0.062591 0.000000 0.014781 0.995417 -0.094483 10.763900 0.064265 0.093352 0.993557 1.243500 0.000000 0.000000 0.000000 1.000000
0.997507 -0.029681 -0.064025 -0.000000 0.023343 0.994954 -0.097578 10.763900 0.066598 0.095840 0.993166 1.243500 0.000000 0.000000 0.000000 1.000000
0.997234 -0.033423 -0.066384 -0.000000 0.026749 0.994729 -0.098992 10.763900 0.069342 0.096942 0.992871 1.243500 0.000000 0.000000 0.000000 1.000000
0.997070 -0.032979 -0.069021 -0.000000 0.026046 0.994741 -0.099052 10.763900 0.071924 0.096965 0.992686 1.243500 0.000000 0.000000 0.000000 1.000000
0.997014 -0.031344 -0.070575 -0.000000 0.024252 0.994773 -0.099188 10.763900 0.073315 0.097180 0.992563 1.243500 0.000000 0.000000 0.000000 1.000000
0.997092 -0.030852 -0.069688 0.000000 0.023735 0.994629 -0.100744 10.763900 0.072422 0.098796 0.992469 1.243500 0.000000 0.000000 0.000000 1.000000
0.997331 -0.031745 -0.065757 0.000000 0.024813 0.994301 -0.103680 10.763900 0.068674 0.101772 0.992435 1.243500 0.000000 0.000000 0.000000 1.000000
0.997744 -0.032408 -0.058800 0.000000 0.025986 0.993933 -0.106873 10.763900 0.061907 0.105103 0.992533 1.243500 0.000000 0.000000 0.000000 1.000000
0.998315 -0.030818 -0.049169 -0.000000 0.025294 0.993692 -0.109256 10.763900 0.052226 0.107828 0.992797 1.243500 0.000000 0.000000 0.000000 1.000000
0.998933 -0.025902 -0.038237 0.000000 0.021558 0.993702 -0.109959 10.763900 0.040844 0.109018 0.993200 1.243500 0.000000 0.000000 0.000000 1.000000
0.999443 -0.017880 -0.028182 -0.000000 0.014741 0.994051 -0.107910 10.763900 0.029944 0.107435 0.993761 1.243500 0.000000 0.000000 0.000000 1.000000
0.999770 -0.007881 -0.019943 -0.000000 0.005799 0.994731 -0.102351 10.763900 0.020645 0.102211 0.994548 1.243500 0.000000 0.000000 0.000000 1.000000
0.999925 0.002418 -0.012046 0.000000 -0.003543 0.995543 -0.094245 10.763900 0.011764 0.094281 0.995476 1.243500 0.000000 0.000000 0.000000 1.000000
0.999931 0.011515 -0.002410 0.000000 -0.011680 0.996181 -0.086530 10.763900 0.001405 0.086552 0.996246 1.243500 0.000000 0.000000 0.000000 1.000000
0.999786 0.018754 0.008693 0.000000 -0.017978 0.996471 -0.081986 10.763900 -0.010200 0.081812 0.996596 1.243500 0.000000 0.000000 0.000000 1.000000
0.999549 0.023805 0.018281 0.000000 -0.022253 0.996475 -0.080882 10.763900 -0.020142 0.080438 0.996556 1.243500 0.000000 0.000000 0.000000 1.000000</float_array><technique_common><accessor source="#Mutant_Spine-Matrix-animation-output-transform-array" count="43" stride="16"><param type="float4x4"/></accessor></technique_common></source><source id="Mutant_Spine-Interpolations"><Name_array id="Mutant_Spine-Interpolations-array" count="43">
 LINEAR LINEAR LINEAR LINEAR LINEAR LINEAR LINEAR LINEAR LINEAR LINEAR LINEAR
LINEAR LINEAR LINEAR LINEAR LINEAR LINEAR LINEAR LINEAR LINEAR LINEAR LINEAR LINEAR
LINEAR LINEAR LINEAR LINEAR LINEAR LINEAR LINEAR LINEAR LINEAR LINEAR LINEAR LINEAR
LINEAR LINEAR LINEAR LINEAR LINEAR LINEAR LINEAR LINEAR</Name_array><technique_common><accessor source="#Mutant_Spine-Interpolations-array" count="43"><param type="name"/></accessor></technique_common></source><sampler id="Mutant_Spine-Matrix-animation-transform"><input semantic="INPUT" source="#Mutant_Spine-Matrix-animation-input"/><input semantic="OUTPUT" source="#Mutant_Spine-Matrix-animation-output-transform"/><input semantic="INTERPOLATION" source="#Mutant_Spine-Interpolations"/></sampler><channel source="#Mutant_Spine-Matrix-animation-transform" target="Mutant_Spine/matrix"/></animation>
    <animation id="Mutant_Spine1-anim" name="Mutant_Spine1"><source id="Mutant_Spine1-Matrix-animation-input"><float_array id="Mutant_Spine1-Matrix-animation-input-array" count="43">

0.000000 0.033333 0.066667 0.100000 0.133333 0.166667 0.200000 0.233333 0.266667 0.300000 0.333333 0.366667 0.400000 0.433333 0.466667 0.500000
0.533333 0.566667 0.600000 0.633333 0.666667 0.700000 0.733333 0.766667 0.800000 0.833333 0.866667 0.900000 0.933333 0.966667 1.000000 1.033333
1.066667 1.100000 1.133333 1.166667 1.200000 1.233333 1.266667 1.300000 1.333333 1.366667 1.400000</float_array><technique_common><accessor source="#Mutant_Spine1-Matrix-animation-input-array" count="43"><param name="TIME" type="float"/></accessor></technique_common></source><source id="Mutant_Spine1-Matrix-animation-output-transform"><float_array id="Mutant_Spine1-Matrix-animation-output-transform-array" count="688">

0.998224 0.049351 0.033370 -0.018900 -0.042886 0.984078 -0.172485 13.061300 -0.041351 0.170747 0.984447 0.227500 0.000000 0.000000 0.000000 1.000000
0.996696 0.062224 0.052203 -0.018900 -0.051888 0.982271 -0.180144 13.061300 -0.062487 0.176840 0.982254 0.227500 0.000000 0.000000 0.000000 1.000000
0.995204 0.071651 0.066590 -0.018900 -0.058145 0.980767 -0.186321 13.061300 -0.078659 0.181556 0.980230 0.227500 0.000000 0.000000 0.000000 1.000000
0.993970 0.077780 0.077297 -0.018900 -0.061905 0.979846 -0.189918 13.061300 -0.090511 0.183987 0.978753 0.227500 0.000000 0.000000 0.000000 1.000000
0.992963 0.081791 0.085639 -0.018900 -0.064197 0.979467 -0.191112 13.061300 -0.099511 0.184269 0.977825 0.227500 0.000000 0.000000 0.000000 1.000000
0.992059 0.085273 0.092451 -0.018900 -0.066352 0.979294 -0.191259 13.061300 -0.106846 0.183606 0.977176 0.227500 0.000000 0.000000 0.000000 1.000000
0.991198 0.089224 0.097805 -0.018900 -0.069200 0.978992 -0.191796 13.061300 -0.112864 0.183340 0.976549 0.227500 0.000000 0.000000 0.000000 1.000000
0.990302 0.093997 0.102301 -0.018900 -0.072891 0.978411 -0.193386 13.061300 -0.118270 0.184054 0.975775 0.227500 0.000000 0.000000 0.000000 1.000000
0.989184 0.099767 0.107525 -0.018900 -0.077359 0.977657 -0.195455 13.061300 -0.124623 0.185023 0.974800 0.227500 0.000000 0.000000 0.000000 1.000000
0.987672 0.106919 0.114335 -0.018900 -0.083047 0.977028 -0.196265 13.061300 -0.132693 0.184351 0.973862 0.227500 0.000000 0.000000 0.000000 1.000000
0.985873 0.115797 0.121021 -0.018900 -0.090872 0.976725 -0.194294 13.061300 -0.140703 0.180551 0.973450 0.227500 0.000000 0.000000 0.000000 1.000000
0.984206 0.126154 0.124189 -0.018900 -0.101095 0.976429 -0.190700 13.061300 -0.145319 0.175133 0.973761 0.227500 0.000000 0.000000 0.000000 1.000000
0.983130 0.136551 0.121691 -0.018900 -0.112022 0.975458 -0.189558 13.061300 -0.144589 0.172728 0.974299 0.227500 0.000000 0.000000 0.000000 1.000000
0.982983 0.143897 0.114183 -0.018900 -0.120040 0.973693 -0.193679 13.061300 -0.139049 0.176677 0.974398 0.227500 0.000000 0.000000 0.000000 1.000000
0.983999 0.144730 0.103919 -0.018900 -0.121773 0.972049 -0.200731 13.061300 -0.130066 0.184864 0.974119 0.227500 0.000000 0.000000 0.000000 1.000000
0.986187 0.137576 0.092238 -0.018900 -0.116392 0.971807 -0.205048 13.061300 -0.117847 0.191480 0.974396 0.227500 0.000000 0.000000 0.000000 1.000000
0.989276 0.123409 0.078124 -0.018900 -0.105402 0.973477 -0.203059 13.061300 -0.101111 0.192647 0.976045 0.227500 0.000000 0.000000 0.000000 1.000000
0.992786 0.104100 0.059492 -0.018900 -0.090608 0.976335 -0.196366 13.061300 -0.078526 0.189559 0.978724 0.227500 0.000000 0.000000 0.000000 1.000000
0.996054 0.081193 0.035842 -0.018900 -0.072990 0.979139 -0.189630 13.061300 -0.050491 0.186265 0.981201 0.227500 0.000000 0.000000 0.000000 1.000000
0.998381 0.056118 0.009254 -0.018900 -0.053424 0.981111 -0.185921 13.061300 -0.019513 0.185126 0.982521 0.227500 0.000000 0.000000 0.000000 1.000000
0.999372 0.030934 -0.017261 -0.018900 -0.033595 0.982197 -0.184825 13.061300 0.011236 0.185289 0.982620 0.227500 0.000000 0.000000 0.000000 1.000000
0.999099 0.007963 -0.041690 -0.018900 -0.015542 0.982663 -0.184749 13.061300 0.039496 0.185230 0.981901 0.227500 0.000000 0.000000 0.000000 1.000000
0.997947 -0.011393 -0.063028 -0.018900 -0.000475 0.982708 -0.185164 13.061300 0.064047 0.184814 0.980684 0.227500 0.000000 0.000000 0.000000 1.000000
0.996405 -0.026944 -0.080322 -0.018900 0.011546 0.982420 -0.186327 13.061300 0.083930 0.184730 0.979199 0.227500 0.000000 0.000000 0.000000 1.000000
0.994934 -0.039012 -0.092655 -0.018900 0.020954 0.981867 -0.188411 13.061300 0.098325 0.185515 0.977710 0.227500 0.000000 0.000000 0.000000 1.000000
0.993824 -0.048259 -0.099929 -0.018900 0.028394 0.981098 -0.191416 13.061300 0.107277 0.187396 0.976409 0.227500 0.000000 0.000000 0.000000 1.000000
0.993097 -0.055833 -0.103159 -0.018900 0.034826 0.980141 -0.195220 13.061300 0.112010 0.190279 0.975319 0.227500 0.000000 0.000000 0.000000 1.000000
0.992633 -0.062416 -0.103844 -0.018900 0.040715 0.979093 -0.199296 13.061300 0.114112 0.193600 0.974422 0.227500 0.000000 0.000000 0.000000 1.000000
0.992370 -0.067409 -0.103233 -0.018900 0.045370 0.978208 -0.202610 13.061300 0.114641 0.196380 0.973803 0.227500 0.000000 0.000000 0.000000 1.000000
0.992291 -0.069997 -0.102270 -0.018900 0.047911 0.977730 -0.204327 13.061300 0.114295 0.197852 0.973546 0.227500 0.000000 0.000000 0.000000 1.000000
0.992337 -0.070404 -0.101544 -0.018900 0.048385 0.977576 -0.204951 13.061300 0.113696 0.198467 0.973491 0.227500 0.000000 0.000000 0.000000 1.000000
0.992495 -0.069367 -0.100706 -0.018900 0.047367 0.977327 -0.206370 13.061300 0.112738 0.200051 0.973278 0.227500 0.000000 0.000000 0.000000 1.000000
0.992861 -0.067124 -0.098594 -0.018900 0.045169 0.976646 -0.210054 13.061300 0.110392 0.204101 0.972706 0.227500 0.000000 0.000000 0.000000 1.000000
0.993513 -0.063423 -0.094391 -0.018900 0.041860 0.975715 -0.215005 13.061300 0.105735 0.209659 0.972041 0.227500 0.000000 0.000000 0.000000 1.000000
0.994442 -0.058046 -0.087842 -0.018900 0.037602 0.975080 -0.218644 13.061300 0.098345 0.214125 0.971843 0.227500 0.000000 0.000000 0.000000 1.000000
0.995585 -0.050958 -0.078822 -0.018900 0.032516 0.975037 -0.219650 13.061300 0.088047 0.216117 0.972389 0.227500 0.000000 0.000000 0.000000 1.000000
0.996811 -0.041994 -0.067862 -0.018900 0.026251 0.975573 -0.218099 13.061300 0.075364 0.215622 0.973564 0.227500 0.000000 0.000000 0.000000 1.000000
0.997952 -0.030586 -0.056176 -0.018900 0.017955 0.976904 -0.212922 13.061300 0.061391 0.211477 0.975453 0.227500 0.000000 0.000000 0.000000 1.000000
0.998905 -0.016171 -0.043907 -0.018900 0.006960 0.979289 -0.202346 13.061300 0.046270 0.201818 0.978329 0.227500 0.000000 0.000000 0.000000 1.000000
0.999579 0.000712 -0.029015 -0.018900 -0.006155 0.982162 -0.187934 13.061300 0.028364 0.188034 0.981753 0.227500 0.000000 0.000000 0.000000 1.000000
0.999786 0.018292 -0.009636 -0.018900 -0.019699 0.984283 -0.175494 13.061300 0.006274 0.175647 0.984433 0.227500 0.000000 0.000000 0.000000 1.000000
0.999333 0.034474 0.012006 -0.018900 -0.031933 0.984912 -0.170086 13.061300 -0.017688 0.169589 0.985356 0.227500 0.000000 0.000000 0.000000 1.000000
0.998453 0.046890 0.029889 -0.018900 -0.041109 0.984400 -0.171075 13.061300 -0.037444 0.169582 0.984805 0.227500 0.000000 0.000000 0.000000 1.000000</float_array><technique_common><accessor source="#Mutant_Spine1-Matrix-animation-output-transform-array" count="43" stride="16"><param type="float4x4"/></accessor></technique_common></source><source id="Mutant_Spine1-Interpolations"><Name_array id="Mutant_Spine1-Interpolations-array" count="43">
 LINEAR LINEAR LINEAR LINEAR LINEAR LINEAR LINEAR LINEAR LINEAR LINEAR LINEAR
LINEAR LINEAR LINEAR LINEAR LINEAR LINEAR LINEAR LINEAR LINEAR LINEAR LINEAR LINEAR
LINEAR LINEAR LINEAR LINEAR LINEAR LINEAR LINEAR LINEAR LINEAR LINEAR LINEAR LINEAR
LINEAR LINEAR LINEAR LINEAR LINEAR LINEAR LINEAR LINEAR</Name_array><technique_common><accessor source="#Mutant_Spine1-Interpolations-array" count="43"><param type="name"/></accessor></technique_common></source><sampler id="Mutant_Spine1-Matrix-animation-transform"><input semantic="INPUT" source="#Mutant_Spine1-Matrix-animation-input"/><input semantic="OUTPUT" source="#Mutant_Spine1-Matrix-animation-output-transform"/><input semantic="INTERPOLATION" source="#Mutant_Spine1-Interpolations"/></sampler><channel source="#Mutant_Spine1-Matrix-animation-transform" target="Mutant_Spine1/matrix"/></animation>
    <animation id="Mutant_Spine2-anim" name="Mutant_Spine2"><source id="Mutant_Spine2-Matrix-animation-input"><float_array id="Mutant_Spine2-Matrix-animation-input-array" count="43">

0.000000 0.033333 0.066667 0.100000 0.133333 0.166667 0.200000 0.233333 0.266667 0.300000 0.333333 0.366667 0.400000 0.433333 0.466667 0.500000
0.533333 0.566667 0.600000 0.633333 0.666667 0.700000 0.733333 0.766667 0.800000 0.833333 0.866667 0.900000 0.933333 0.966667 1.000000 1.033333
1.066667 1.100000 1.133333 1.166667 1.200000 1.233333 1.266667 1.300000 1.333333 1.366667 1.400000</float_array><technique_common><accessor source="#Mutant_Spine2-Matrix-animation-input-array" count="43"><param name="TIME" type="float"/></accessor></technique_common></source><source id="Mutant_Spine2-Matrix-animation-output-transform"><float_array id="Mutant_Spine2-Matrix-animation-output-transform-array" count="688">

0.998355 0.048313 0.030868 -0.021600 -0.042265 0.983992 -0.173130 12.988200 -0.038738 0.171541 0.984415 -0.916700 0.000000 0.000000 0.000000 1.000000
0.996896 0.061241 0.049469 -0.021600 -0.051346 0.982121 -0.181115 12.988200 -0.059676 0.178013 0.982217 -0.916700 0.000000 0.000000 0.000000 1.000000
0.995478 0.070519 0.063638 -0.021600 -0.057468 0.980559 -0.187619 12.988200 -0.075632 0.183114 0.980178 -0.916700 0.000000 0.000000 0.000000 1.000000
0.994330 0.076262 0.074114 -0.021600 -0.060851 0.979586 -0.191593 12.988200 -0.087212 0.185996 0.978672 -0.916700 0.000000 0.000000 0.000000 1.000000
0.993424 0.079753 0.082151 -0.021600 -0.062627 0.979151 -0.193241 12.988200 -0.095850 0.186825 0.977706 -0.916700 0.000000 0.000000 0.000000 1.000000
0.992626 0.082796 0.088531 -0.021600 -0.064359 0.978910 -0.193888 12.988200 -0.102717 0.186760 0.977021 -0.916700 0.000000 0.000000 0.000000 1.000000
0.991866 0.086583 0.093297 -0.021600 -0.067085 0.978525 -0.194904 12.988200 -0.108168 0.187060 0.976375 -0.916700 0.000000 0.000000 0.000000 1.000000
0.991062 0.091528 0.097049 -0.021600 -0.071024 0.977843 -0.196925 12.988200 -0.112923 0.188272 0.975603 -0.916700 0.000000 0.000000 0.000000 1.000000
0.990029 0.097735 0.101438 -0.021600 -0.076013 0.976963 -0.199411 12.988200 -0.118590 0.189712 0.974651 -0.916700 0.000000 0.000000 0.000000 1.000000
0.988600 0.105447 0.107477 -0.021600 -0.082311 0.976200 -0.200644 12.988200 -0.126077 0.189510 0.973751 -0.916700 0.000000 0.000000 0.000000 1.000000
0.986855 0.114895 0.113654 -0.021600 -0.090688 0.975793 -0.199004 12.988200 -0.133768 0.186081 0.973386 -0.916700 0.000000 0.000000 0.000000 1.000000
0.985182 0.125725 0.116661 -0.021600 -0.101335 0.975457 -0.195488 12.988200 -0.138375 0.180770 0.973743 -0.916700 0.000000 0.000000 0.000000 1.000000
0.984047 0.136342 0.114289 -0.021600 -0.112476 0.974510 -0.194114 12.988200 -0.137842 0.178163 0.974299 -0.916700 0.000000 0.000000 0.000000 1.000000
0.983826 0.143545 0.107151 -0.021600 -0.120399 0.972824 -0.197781 12.988200 -0.132630 0.181681 0.974372 -0.916700 0.000000 0.000000 0.000000 1.000000
0.984763 0.143969 0.097545 -0.021600 -0.121768 0.971311 -0.204273 12.988200 -0.124155 0.189282 0.974042 -0.916700 0.000000 0.000000 0.000000 1.000000
0.986841 0.136426 0.086792 -0.021600 -0.115978 0.971235 -0.207969 12.988200 -0.112668 0.195166 0.974277 -0.916700 0.000000 0.000000 0.000000 1.000000
0.989776 0.122122 0.073686 -0.021600 -0.104778 0.973074 -0.205299 12.988200 -0.096774 0.195480 0.975921 -0.916700 0.000000 0.000000 0.000000 1.000000
0.993119 0.102923 0.055872 -0.021600 -0.090023 0.976079 -0.197905 12.988200 -0.074905 0.191513 0.978628 -0.916700 0.000000 0.000000 0.000000 1.000000
0.996243 0.080204 0.032681 -0.021600 -0.072565 0.978993 -0.190542 12.988200 -0.047277 0.187454 0.981135 -0.916700 0.000000 0.000000 0.000000 1.000000
0.998451 0.055283 0.006193 -0.021600 -0.053164 0.981043 -0.186356 12.988200 -0.016378 0.185738 0.982463 -0.916700 0.000000 0.000000 0.000000 1.000000
0.999334 0.030222 -0.020452 -0.021600 -0.033488 0.982181 -0.184928 12.988200 0.014499 0.185490 0.982539 -0.916700 0.000000 0.000000 0.000000 1.000000
0.998955 0.007386 -0.045093 -0.021600 -0.015599 0.982688 -0.184610 12.988200 0.042949 0.185120 0.981777 -0.916700 0.000000 0.000000 0.000000 1.000000
0.997708 -0.011790 -0.066627 -0.021600 -0.000730 0.982771 -0.184827 12.988200 0.067658 0.184452 0.980510 -0.916700 0.000000 0.000000 0.000000 1.000000
0.996093 -0.027067 -0.084057 -0.021600 0.011017 0.982521 -0.185825 12.988200 0.087618 0.184173 0.978981 -0.916700 0.000000 0.000000 0.000000 1.000000
0.994584 -0.038712 -0.096457 -0.021600 0.020010 0.982006 -0.187787 12.988200 0.101991 0.184840 0.977462 -0.916700 0.000000 0.000000 0.000000 1.000000
0.993480 -0.047347 -0.103711 -0.021600 0.026855 0.981275 -0.190731 12.988200 0.110800 0.186702 0.976148 -0.916700 0.000000 0.000000 0.000000 1.000000
0.992802 -0.054153 -0.106826 -0.021600 0.032540 0.980352 -0.194554 12.988200 0.115262 0.189678 0.975057 -0.916700 0.000000 0.000000 0.000000 1.000000
0.992416 -0.059919 -0.107330 -0.021600 0.037636 0.979331 -0.198731 12.988200 0.117019 0.193184 0.974159 -0.916700 0.000000 0.000000 0.000000 1.000000
0.992232 -0.064199 -0.106558 -0.021600 0.041597 0.978467 -0.202170 12.988200 0.117242 0.196167 0.973536 -0.916700 0.000000 0.000000 0.000000 1.000000
0.992203 -0.066351 -0.105504 -0.021600 0.043714 0.978004 -0.203954 12.988200 0.116716 0.197752 0.973279 -0.916700 0.000000 0.000000 0.000000 1.000000
0.992261 -0.066700 -0.104737 -0.021600 0.044142 0.977863 -0.204538 12.988200 0.116061 0.198332 0.973239 -0.916700 0.000000 0.000000 0.000000 1.000000
0.992407 -0.065871 -0.103867 -0.021600 0.043343 0.977620 -0.205866 12.988200 0.115103 0.199801 0.973052 -0.916700 0.000000 0.000000 0.000000 1.000000
0.992764 -0.063835 -0.101711 -0.021600 0.041351 0.976929 -0.209523 12.988200 0.112740 0.203801 0.972499 -0.916700 0.000000 0.000000 0.000000 1.000000
0.993419 -0.060207 -0.097436 -0.021600 0.038106 0.975968 -0.214556 12.988200 0.108012 0.209431 0.971839 -0.916700 0.000000 0.000000 0.000000 1.000000
0.994358 -0.054872 -0.090785 -0.021600 0.033889 0.975291 -0.218308 12.988200 0.100521 0.214000 0.971648 -0.916700 0.000000 0.000000 0.000000 1.000000
0.995505 -0.047945 -0.081673 -0.021600 0.028971 0.975213 -0.219362 12.988200 0.090166 0.216010 0.972219 -0.916700 0.000000 0.000000 0.000000 1.000000
0.996723 -0.039342 -0.070672 -0.021600 0.023073 0.975729 -0.217764 12.988200 0.077524 0.215419 0.973439 -0.916700 0.000000 0.000000 0.000000 1.000000
0.997853 -0.028536 -0.058955 -0.021600 0.015386 0.977042 -0.212491 12.988200 0.063666 0.211128 0.975383 -0.916700 0.000000 0.000000 0.000000 1.000000
0.998803 -0.014939 -0.046578 -0.021600 0.005235 0.979399 -0.201865 12.988200 0.048634 0.201380 0.978305 -0.916700 0.000000 0.000000 0.000000 1.000000
0.999503 0.001057 -0.031500 -0.021600 -0.006949 0.982232 -0.187544 12.988200 0.030742 0.187670 0.981751 -0.916700 0.000000 0.000000 0.000000 1.000000
0.999768 0.017887 -0.011975 -0.021600 -0.019711 0.984305 -0.175373 12.988200 0.008650 0.175569 0.984429 -0.916700 0.000000 0.000000 0.000000 1.000000
0.999388 0.033604 0.009671 -0.021600 -0.031468 0.984883 -0.170338 12.988200 -0.015248 0.169930 0.985338 -0.916700 0.000000 0.000000 0.000000 1.000000
0.998572 0.045834 0.027445 -0.021600 -0.040462 0.984326 -0.171656 12.988200 -0.034883 0.170301 0.984775 -0.916700 0.000000 0.000000 0.000000 1.000000</float_array><technique_common><accessor source="#Mutant_Spine2-Matrix-animation-output-transform-array" count="43" stride="16"><param type="float4x4"/></accessor></technique_common></source><source id="Mutant_Spine2-Interpolations"><Name_array id="Mutant_Spine2-Interpolations-array" count="43">
 LINEAR LINEAR LINEAR LINEAR LINEAR LINEAR LINEAR LINEAR LINEAR LINEAR LINEAR
LINEAR LINEAR LINEAR LINEAR LINEAR LINEAR LINEAR LINEAR LINEAR LINEAR LINEAR LINEAR
LINEAR LINEAR LINEAR LINEAR LINEAR LINEAR LINEAR LINEAR LINEAR LINEAR LINEAR LINEAR
LINEAR LINEAR LINEAR LINEAR LINEAR LINEAR LINEAR LINEAR</Name_array><technique_common><accessor source="#Mutant_Spine2-Interpolations-array" count="43"><param type="name"/></accessor></technique_common></source><sampler id="Mutant_Spine2-Matrix-animation-transform"><input semantic="INPUT" source="#Mutant_Spine2-Matrix-animation-input"/><input semantic="OUTPUT" source="#Mutant_Spine2-Matrix-animation-output-transform"/><input semantic="INTERPOLATION" source="#Mutant_Spine2-Interpolations"/></sampler><channel source="#Mutant_Spine2-Matrix-animation-transform" target="Mutant_Spine2/matrix"/></animation>
    <animation id="Mutant_Neck-anim" name="Mutant_Neck"><source id="Mutant_Neck-Matrix-animation-input"><float_array id="Mutant_Neck-Matrix-animation-input-array" count="43">

0.000000 0.033333 0.066667 0.100000 0.133333 0.166667 0.200000 0.233333 0.266667 0.300000 0.333333 0.366667 0.400000 0.433333 0.466667 0.500000
0.533333 0.566667 0.600000 0.633333 0.666667 0.700000 0.733333 0.766667 0.800000 0.833333 0.866667 0.900000 0.933333 0.966667 1.000000 1.033333
1.066667 1.100000 1.133333 1.166667 1.200000 1.233333 1.266667 1.300000 1.333333 1.366667 1.400000</float_array><technique_common><accessor source="#Mutant_Neck-Matrix-animation-input-array" count="43"><param name="TIME" type="float"/></accessor></technique_common></source><source id="Mutant_Neck-Matrix-animation-output-transform"><float_array id="Mutant_Neck-Matrix-animation-output-transform-array" count="688">

0.999579 -0.019191 -0.021746 -0.011900 0.019087 0.999805 -0.004992 24.670700 0.021838 0.004574 0.999751 2.028100 0.000000 0.000000 0.000000 1.000000
0.999536 -0.021075 -0.021979 -0.011900 0.021021 0.999775 -0.002687 24.670700 0.022031 0.002224 0.999755 2.028100 0.000000 0.000000 0.000000 1.000000
0.999490 -0.022090 -0.023045 -0.011900 0.022075 0.999756 -0.000895 24.670700 0.023059 0.000385 0.999734 2.028100 0.000000 0.000000 0.000000 1.000000
0.999450 -0.022140 -0.024669 -0.011900 0.022149 0.999755 0.000063 24.670700 0.024662 -0.000610 0.999696 2.028100 0.000000 0.000000 0.000000 1.000000
0.999418 -0.021504 -0.026474 -0.011900 0.021512 0.999769 0.000017 24.670700 0.026467 -0.000586 0.999650 2.028100 0.000000 0.000000 0.000000 1.000000
0.999394 -0.020597 -0.028069 -0.011900 0.020579 0.999788 -0.000921 24.670700 0.028082 0.000343 0.999606 2.028100 0.000000 0.000000 0.000000 1.000000
0.999382 -0.019512 -0.029235 -0.011900 0.019450 0.999808 -0.002414 24.670700 0.029277 0.001844 0.999570 2.028100 0.000000 0.000000 0.000000 1.000000
0.999395 -0.017996 -0.029768 -0.011900 0.017890 0.999833 -0.003836 24.670700 0.029833 0.003301 0.999549 2.028100 0.000000 0.000000 0.000000 1.000000
0.999455 -0.015947 -0.028912 -0.011900 0.015838 0.999866 -0.004021 24.670700 0.028972 0.003561 0.999574 2.028100 0.000000 0.000000 0.000000 1.000000
0.999586 -0.013838 -0.025234 -0.011900 0.013799 0.999903 -0.001709 24.670700 0.025255 0.001360 0.999680 2.028100 0.000000 0.000000 0.000000 1.000000
0.999761 -0.012365 -0.018015 -0.011900 0.012419 0.999919 0.002846 24.670700 0.017978 -0.003069 0.999834 2.028100 0.000000 0.000000 0.000000 1.000000
0.999888 -0.011690 -0.009300 -0.011900 0.011757 0.999905 0.007207 24.670700 0.009215 -0.007315 0.999931 2.028100 0.000000 0.000000 0.000000 1.000000
0.999931 -0.011416 -0.002835 -0.011900 0.011441 0.999894 0.009050 24.670700 0.002731 -0.009082 0.999955 2.028100 0.000000 0.000000 0.000000 1.000000
0.999936 -0.011285 -0.000459 -0.011900 0.011288 0.999902 0.008336 24.670700 0.000365 -0.008340 0.999965 2.028100 0.000000 0.000000 0.000000 1.000000
0.999938 -0.011043 -0.001359 -0.011900 0.011052 0.999920 0.006217 24.670700 0.001290 -0.006232 0.999980 2.028100 0.000000 0.000000 0.000000 1.000000
0.999942 -0.010032 -0.004005 -0.011900 0.010046 0.999943 0.003536 24.670700 0.003969 -0.003576 0.999986 2.028100 0.000000 0.000000 0.000000 1.000000
0.999943 -0.007764 -0.007373 -0.011900 0.007771 0.999969 0.000838 24.670700 0.007366 -0.000895 0.999972 2.028100 0.000000 0.000000 0.000000 1.000000
0.999933 -0.004751 -0.010577 -0.011900 0.004738 0.999988 -0.001255 24.670700 0.010582 0.001205 0.999943 2.028100 0.000000 0.000000 0.000000 1.000000
0.999919 -0.002106 -0.012553 -0.011900 0.002077 0.999995 -0.002358 24.670700 0.012558 0.002332 0.999918 2.028100 0.000000 0.000000 0.000000 1.000000
0.999922 -0.000321 -0.012502 -0.011900 0.000287 0.999996 -0.002781 24.670700 0.012503 0.002777 0.999918 2.028100 0.000000 0.000000 0.000000 1.000000
0.999943 0.001043 -0.010581 -0.011900 -0.001077 0.999994 -0.003226 24.670700 0.010578 0.003237 0.999939 2.028100 0.000000 0.000000 0.000000 1.000000
0.999967 0.002485 -0.007715 -0.011900 -0.002516 0.999989 -0.003944 24.670700 0.007705 0.003963 0.999962 2.028100 0.000000 0.000000 0.000000 1.000000
0.999981 0.003785 -0.004848 -0.011900 -0.003808 0.999982 -0.004554 24.670700 0.004830 0.004572 0.999978 2.028100 0.000000 0.000000 0.000000 1.000000
0.999987 0.004320 -0.002529 -0.011900 -0.004332 0.999979 -0.004741 24.670700 0.002508 0.004751 0.999986 2.028100 0.000000 0.000000 0.000000 1.000000
0.999993 0.003627 -0.001195 -0.011900 -0.003633 0.999983 -0.004668 24.670700 0.001178 0.004673 0.999988 2.028100 0.000000 0.000000 0.000000 1.000000
0.999997 0.001654 -0.001606 -0.011900 -0.001662 0.999988 -0.004697 24.670700 0.001599 0.004700 0.999988 2.028100 0.000000 0.000000 0.000000 1.000000
0.999988 -0.001460 -0.004674 -0.011900 0.001437 0.999987 -0.004806 24.670700 0.004681 0.004800 0.999978 2.028100 0.000000 0.000000 0.000000 1.000000
0.999932 -0.005334 -0.010391 -0.011900 0.005283 0.999974 -0.004911 24.670700 0.010417 0.004856 0.999934 2.028100 0.000000 0.000000 0.000000 1.000000
0.999826 -0.009101 -0.016288 -0.011900 0.009020 0.999947 -0.005049 24.670700 0.016333 0.004901 0.999855 2.028100 0.000000 0.000000 0.000000 1.000000
0.999753 -0.011639 -0.018945 -0.011900 0.011536 0.999918 -0.005563 24.670700 0.019008 0.005343 0.999805 2.028100 0.000000 0.000000 0.000000 1.000000
0.999765 -0.012542 -0.017668 -0.011900 0.012426 0.999900 -0.006695 24.670700 0.017750 0.006474 0.999821 2.028100 0.000000 0.000000 0.000000 1.000000
0.999818 -0.012305 -0.014591 -0.011900 0.012191 0.999895 -0.007860 24.670700 0.014686 0.007680 0.999863 2.028100 0.000000 0.000000 0.000000 1.000000
0.999866 -0.011565 -0.011626 -0.011900 0.011474 0.999903 -0.007924 24.670700 0.011716 0.007790 0.999901 2.028100 0.000000 0.000000 0.000000 1.000000
