<?xml version="1.0" encoding="utf-8"?>
<COLLADA xmlns="http://www.collada.org/2005/11/COLLADASchema" version="1.4.1">
  <asset><contributor><author>Mixamo</author><authoring_tool>COLLADA Mixamo exporter</authoring_tool><comments></comments></contributor><created>2019-04-24T14:34:26Z</created><modified>2019-04-24T14:34:26Z</modified><revision></revision><title></title><unit meter="0.010000"/><up_axis>Y_UP</up_axis></asset>
  <library_animations>
    <animation id="Mutant_Hips-anim" name="Mutant_Hips"><source id="Mutant_Hips-Matrix-animation-input"><float_array id="Mutant_Hips-Matrix-animation-input-array" count="427">

0.000000 0.033333 0.066667 0.100000 0.133333 0.166667 0.200000 0.233333 0.266667 0.300000 0.333333 0.366667 0.400000 0.433333 0.466667 0.500000
0.533333 0.566667 0.600000 0.633333 0.666667 0.700000 0.733333 0.766667 0.800000 0.833333 0.866667 0.900000 0.933333 0.966667 1.000000 1.033333
1.066667 1.100000 1.133333 1.166667 1.200000 1.233333 1.266667 1.300000 1.333333 1.366667 1.400000 1.433333 1.466667 1.500000 1.533333 1.566667
1.600000 1.633333 1.666667 1.700000 1.733333 1.766667 1.800000 1.833333 1.866667 1.900000 1.933333 1.966667 2.000000 2.033333 2.066667 2.100000
2.133333 2.166667 2.200000 2.233333 2.266667 2.300000 2.333333 2.366667 2.400000 2.433333 2.466667 2.500000 2.533333 2.566667 2.600000 2.633333
2.666667 2.700000 2.733333 2.766667 2.800000 2.833333 2.866667 2.900000 2.933333 2.966667 3.000000 3.033333 3.066667 3.100000 3.133333 3.166667
3.200000 3.233333 3.266667 3.300000 3.333333 3.366667 3.400000 3.433333 3.466667 3.500000 3.533333 3.566667 3.600000 3.633333 3.666667 3.700000
3.733333 3.766667 3.800000 3.833333 3.866667 3.900000 3.933333 3.966667 4.000000 4.033333 4.066667 4.100000 4.133333 4.166667 4.200000 4.233333
4.266667 4.300000 4.333333 4.366667 4.400000 4.433333 4.466667 4.500000 4.533333 4.566667 4.600000 4.633333 4.666667 4.700000 4.733333 4.766667
4.800000 4.833333 4.866667 4.900000 4.933333 4.966667 5.000000 5.033333 5.066667 5.100000 5.133333 5.166667 5.200000 5.233333 5.266667 5.300000
5.333333 5.366667 5.400000 5.433333 5.466667 5.500000 5.533333 5.566667 5.600000 5.633333 5.666667 5.700000 5.733333 5.766667 5.800000 5.833333
5.866667 5.900000 5.933333 5.966667 6.000000 6.033333 6.066667 6.100000 6.133333 6.166667 6.200000 6.233333 6.266667 6.300000 6.333333 6.366667
6.400000 6.433333 6.466667 6.500000 6.533333 6.566667 6.600000 6.633333 6.666667 6.700000 6.733333 6.766667 6.800000 6.833333 6.866667 6.900000
6.933333 6.966667 7.000000 7.033333 7.066667 7.100000 7.133333 7.166667 7.200000 7.233333 7.266667 7.300000 7.333333 7.366667 7.400000 7.433333
7.466667 7.500000 7.533333 7.566667 7.600000 7.633333 7.666667 7.700000 7.733333 7.766667 7.800000 7.833333 7.866667 7.900000 7.933333 7.966667
8.000000 8.033333 8.066667 8.100000 8.133333 8.166667 8.200000 8.233333 8.266667 8.300000 8.333333 8.366667 8.400000 8.433333 8.466667 8.500000
8.533333 8.566667 8.600000 8.633333 8.666667 8.700000 8.733333 8.766667 8.800000 8.833333 8.866667 8.900000 8.933333 8.966667 9.000000 9.033333
9.066667 9.100000 9.133333 9.166667 9.200000 9.233333 9.266667 9.300000 9.333333 9.366667 9.400000 9.433333 9.466667 9.500000 9.533333 9.566667
9.600000 9.633333 9.666667 9.700000 9.733333 9.766667 9.800000 9.833333 9.866667 9.900000 9.933333 9.966667 10.000000 10.033333 10.066667 10.100000
10.133333 10.166667 10.200000 10.233333 10.266667 10.300000 10.333333 10.366667 10.400000 10.433333 10.466667 10.500000 10.533333 10.566667 10.600000 10.633333
10.666667 10.700000 10.733333 10.766667 10.800000 10.833333 10.866667 10.900000 10.933333 10.966667 11.000000 11.033333 11.066667 11.100000 11.133333 11.166667
11.200000 11.233333 11.266667 11.300000 11.333333 11.366667 11.400000 11.433333 11.466667 11.500000 11.533333 11.566667 11.600000 11.633333 11.666667 11.700000
11.733333 11.766667 11.800000 11.833333 11.866667 11.900000 11.933333 11.966667 12.000000 12.033333 12.066667 12.100000 12.133333 12.166667 12.200000 12.233333
12.266667 12.300000 12.333333 12.366667 12.400000 12.433333 12.466667 12.500000 12.533333 12.566667 12.600000 12.633333 12.666667 12.700000 12.733333 12.766667
12.800000 12.833333 12.866667 12.900000 12.933333 12.966667 13.000000 13.033333 13.066667 13.100000 13.133333 13.166667 13.200000 13.233333 13.266667 13.300000
13.333333 13.366667 13.400000 13.433333 13.466667 13.500000 13.533333 13.566667 13.600000 13.633333 13.666667 13.700000 13.733333 13.766667 13.800000 13.833333
13.866667 13.900000 13.933333 13.966667 14.000000 14.033333 14.066667 14.100000 14.133333 14.166667 14.200000</float_array><technique_common><accessor source="#Mutant_Hips-Matrix-animation-input-array" count="427"><param name="TIME" type="float"/></accessor></technique_common></source><source id="Mutant_Hips-Matrix-animation-output-transform"><float_array id="Mutant_Hips-Matrix-animation-output-transform-array" count="6832">

0.999820 0.018950 0.000042 -0.000004 -0.018950 0.999811 0.004403 80.533012 0.000042 -0.004403 0.999990 -0.000002 0.000000 0.000000 0.000000 1.000000
0.999822 0.018865 -0.000020 -0.006246 -0.018865 0.999811 0.004739 80.522598 0.000109 -0.004738 0.999989 0.005124 0.000000 0.000000 0.000000 1.000000
0.999825 0.018680 -0.000246 -0.008733 -0.018678 0.999813 0.005024 80.521095 0.000339 -0.005018 0.999987 0.027718 0.000000 0.000000 0.000000 1.000000
0.999829 0.018504 -0.000607 -0.009041 -0.018500 0.999815 0.005223 80.529549 0.000703 -0.005211 0.999986 0.070865 0.000000 0.000000 0.000000 1.000000
0.999831 0.018351 -0.001071 -0.006977 -0.018345 0.999817 0.005359 80.547920 0.001169 -0.005339 0.999985 0.129016 0.000000 0.000000 0.000000 1.000000
0.999833 0.018183 -0.001566 -0.002142 -0.018174 0.999819 0.005567 80.574539 0.001667 -0.005538 0.999983 0.194684 0.000000 0.000000 0.000000 1.000000
0.999837 0.017962 -0.002053 0.004569 -0.017949 0.999821 0.006019 80.605827 0.002160 -0.005981 0.999980 0.264417 0.000000 0.000000 0.000000 1.000000
0.999840 0.017714 -0.002537 0.010738 -0.017696 0.999820 0.006808 80.637505 0.002657 -0.006762 0.999974 0.337151 0.000000 0.000000 0.000000 1.000000
0.999842 0.017501 -0.003042 0.014763 -0.017476 0.999816 0.007888 80.666847 0.003180 -0.007833 0.999964 0.411684 0.000000 0.000000 0.000000 1.000000
0.999842 0.017388 -0.003592 0.016277 -0.017355 0.999807 0.009160 80.690376 0.003750 -0.009096 0.999952 0.487030 0.000000 0.000000 0.000000 1.000000
0.999842 0.017299 -0.004120 0.016296 -0.017256 0.999797 0.010359 80.707832 0.004299 -0.010287 0.999938 0.563621 0.000000 0.000000 0.000000 1.000000
0.999844 0.017098 -0.004403 0.015094 -0.017047 0.999790 0.011373 80.723045 0.004597 -0.011296 0.999926 0.640844 0.000000 0.000000 0.000000 1.000000
0.999853 0.016664 -0.004152 0.013726 -0.016612 0.999788 0.012145 80.739624 0.004353 -0.012074 0.999918 0.717994 0.000000 0.000000 0.000000 1.000000
0.999866 0.016024 -0.003331 0.013766 -0.015981 0.999793 0.012621 80.761375 0.003532 -0.012566 0.999915 0.796551 0.000000 0.000000 0.000000 1.000000
0.999878 0.015421 -0.002319 0.016920 -0.015390 0.999801 0.012707 80.790932 0.002514 -0.012670 0.999917 0.880605 0.000000 0.000000 0.000000 1.000000
0.999885 0.015079 -0.001525 0.024094 -0.015059 0.999810 0.012369 80.829666 0.001711 -0.012345 0.999922 0.971255 0.000000 0.000000 0.000000 1.000000
0.999887 0.014982 -0.001019 0.035285 -0.014969 0.999819 0.011725 80.877144 0.001195 -0.011709 0.999931 1.065201 0.000000 0.000000 0.000000 1.000000
0.999888 0.014939 -0.000644 0.049743 -0.014931 0.999828 0.010958 80.931152 0.000807 -0.010947 0.999940 1.158512 0.000000 0.000000 0.000000 1.000000
0.999889 0.014903 -0.000237 0.066082 -0.014899 0.999837 0.010220 80.986992 0.000389 -0.010215 0.999948 1.249364 0.000000 0.000000 0.000000 1.000000
0.999890 0.014855 0.000193 0.083277 -0.014857 0.999843 0.009619 81.040329 -0.000050 -0.009620 0.999954 1.336605 0.000000 0.000000 0.000000 1.000000
0.999890 0.014794 0.000460 0.100881 -0.014798 0.999848 0.009209 81.088570 -0.000324 -0.009214 0.999957 1.419791 0.000000 0.000000 0.000000 1.000000
0.999892 0.014714 0.000432 0.118926 -0.014718 0.999851 0.009003 81.130440 -0.000299 -0.009008 0.999959 1.499243 0.000000 0.000000 0.000000 1.000000
0.999894 0.014554 0.000144 0.137914 -0.014554 0.999853 0.009024 81.165627 -0.000013 -0.009026 0.999959 1.575586 0.000000 0.000000 0.000000 1.000000
0.999899 0.014233 -0.000356 0.158812 -0.014229 0.999855 0.009319 81.195160 0.000488 -0.009313 0.999957 1.649044 0.000000 0.000000 0.000000 1.000000
0.999903 0.013907 -0.001050 0.181552 -0.013896 0.999855 0.009810 81.220619 0.001186 -0.009795 0.999951 1.718749 0.000000 0.000000 0.000000 1.000000
0.999903 0.013793 -0.001765 0.204833 -0.013774 0.999853 0.010258 81.243553 0.001906 -0.010232 0.999946 1.783779 0.000000 0.000000 0.000000 1.000000
0.999902 0.013840 -0.002181 0.227569 -0.013816 0.999849 0.010499 81.265739 0.002326 -0.010468 0.999943 1.843775 0.000000 0.000000 0.000000 1.000000
0.999900 0.013956 -0.002162 0.249086 -0.013932 0.999847 0.010597 81.288635 0.002309 -0.010565 0.999942 1.898444 0.000000 0.000000 0.000000 1.000000
0.999899 0.014095 -0.001913 0.269790 -0.014074 0.999844 0.010658 81.312653 0.002063 -0.010630 0.999941 1.947666 0.000000 0.000000 0.000000 1.000000
0.999897 0.014260 -0.001662 0.290630 -0.014241 0.999842 0.010683 81.337265 0.001814 -0.010659 0.999942 1.991380 0.000000 0.000000 0.000000 1.000000
0.999894 0.014474 -0.001389 0.311988 -0.014459 0.999839 0.010580 81.361069 0.001542 -0.010559 0.999943 2.028467 0.000000 0.000000 0.000000 1.000000
0.999891 0.014697 -0.001009 0.333052 -0.014686 0.999839 0.010288 81.382278 0.001160 -0.010272 0.999947 2.057020 0.000000 0.000000 0.000000 1.000000
0.999891 0.014783 -0.000564 0.353157 -0.014777 0.999841 0.010004 81.400146 0.000711 -0.009995 0.999950 2.076743 0.000000 0.000000 0.000000 1.000000
0.999892 0.014716 -0.000133 0.372868 -0.014714 0.999843 0.009834 81.416557 0.000278 -0.009831 0.999952 2.089313 0.000000 0.000000 0.000000 1.000000
0.999895 0.014512 0.000234 0.393329 -0.014513 0.999847 0.009728 81.434692 -0.000093 -0.009731 0.999953 2.097405 0.000000 0.000000 0.000000 1.000000
0.999897 0.014353 0.000459 0.413822 -0.014356 0.999851 0.009622 81.456284 -0.000320 -0.009628 0.999954 2.103758 0.000000 0.000000 0.000000 1.000000
0.999898 0.014293 0.000451 0.433130 -0.014297 0.999852 0.009532 81.480675 -0.000315 -0.009537 0.999954 2.110463 0.000000 0.000000 0.000000 1.000000
0.999898 0.014273 0.000191 0.450635 -0.014274 0.999853 0.009485 81.506516 -0.000056 -0.009487 0.999955 2.118096 0.000000 0.000000 0.000000 1.000000
0.999898 0.014297 -0.000266 0.465501 -0.014294 0.999853 0.009449 81.533272 0.000401 -0.009444 0.999955 2.126034 0.000000 0.000000 0.000000 1.000000
0.999896 0.014403 -0.000830 0.476303 -0.014395 0.999852 0.009432 81.560486 0.000965 -0.009419 0.999955 2.133745 0.000000 0.000000 0.000000 1.000000
0.999891 0.014672 -0.001433 0.481815 -0.014658 0.999848 0.009442 81.586624 0.001571 -0.009420 0.999954 2.141263 0.000000 0.000000 0.000000 1.000000
0.999885 0.015047 -0.001991 0.482038 -0.015028 0.999842 0.009490 81.609741 0.002133 -0.009459 0.999953 2.148773 0.000000 0.000000 0.000000 1.000000
0.999878 0.015437 -0.002390 0.477985 -0.015413 0.999835 0.009619 81.629509 0.002538 -0.009581 0.999951 2.155594 0.000000 0.000000 0.000000 1.000000
0.999872 0.015777 -0.002619 0.470731 -0.015751 0.999827 0.009854 81.647186 0.002774 -0.009812 0.999948 2.160452 0.000000 0.000000 0.000000 1.000000
0.999867 0.016067 -0.002759 0.461009 -0.016038 0.999821 0.010050 81.663872 0.002920 -0.010004 0.999946 2.162573 0.000000 0.000000 0.000000 1.000000
0.999863 0.016342 -0.002809 0.449776 -0.016313 0.999816 0.010079 81.679489 0.002974 -0.010032 0.999945 2.161978 0.000000 0.000000 0.000000 1.000000
0.999858 0.016608 -0.002744 0.437951 -0.016579 0.999812 0.010037 81.693687 0.002910 -0.009990 0.999946 2.158949 0.000000 0.000000 0.000000 1.000000
0.999855 0.016829 -0.002501 0.425963 -0.016804 0.999809 0.009935 81.706024 0.002668 -0.009892 0.999948 2.152932 0.000000 0.000000 0.000000 1.000000
0.999853 0.016984 -0.002152 0.414166 -0.016962 0.999808 0.009804 81.715874 0.002319 -0.009766 0.999950 2.142596 0.000000 0.000000 0.000000 1.000000
0.999853 0.017035 -0.001781 0.403461 -0.017017 0.999808 0.009741 81.722160 0.001947 -0.009709 0.999951 2.126561 0.000000 0.000000 0.000000 1.000000
0.999853 0.017059 -0.001437 0.394636 -0.017044 0.999807 0.009727 81.724472 0.001602 -0.009701 0.999952 2.104539 0.000000 0.000000 0.000000 1.000000
0.999854 0.017052 -0.001124 0.387914 -0.017040 0.999807 0.009828 81.723427 0.001291 -0.009807 0.999951 2.077902 0.000000 0.000000 0.000000 1.000000
0.999855 0.017011 -0.000876 0.382561 -0.017001 0.999805 0.010069 81.721092 0.001047 -0.010053 0.999949 2.048428 0.000000 0.000000 0.000000 1.000000
0.999856 0.016936 -0.000739 0.377730 -0.016927 0.999803 0.010360 81.719887 0.000915 -0.010346 0.999946 2.018657 0.000000 0.000000 0.000000 1.000000
0.999859 0.016752 -0.000660 0.373319 -0.016744 0.999804 0.010583 81.721664 0.000837 -0.010570 0.999944 1.990875 0.000000 0.000000 0.000000 1.000000
0.999862 0.016606 -0.000563 0.369062 -0.016599 0.999805 0.010721 81.725876 0.000741 -0.010710 0.999942 1.963676 0.000000 0.000000 0.000000 1.000000
0.999861 0.016643 -0.000424 0.364248 -0.016638 0.999802 0.010937 81.729431 0.000606 -0.010928 0.999940 1.931668 0.000000 0.000000 0.000000 1.000000
0.999857 0.016938 -0.000217 0.357469 -0.016934 0.999792 0.011342 81.728737 0.000409 -0.011336 0.999936 1.889758 0.000000 0.000000 0.000000 1.000000
0.999849 0.017362 0.000054 0.348532 -0.017361 0.999779 0.011840 81.721718 0.000152 -0.011839 0.999930 1.836787 0.000000 0.000000 0.000000 1.000000
0.999842 0.017791 0.000364 0.338137 -0.017794 0.999766 0.012286 81.707245 -0.000146 -0.012290 0.999924 1.775236 0.000000 0.000000 0.000000 1.000000
0.999834 0.018183 0.000681 0.327094 -0.018191 0.999754 0.012712 81.684425 -0.000450 -0.012722 0.999919 1.708250 0.000000 0.000000 0.000000 1.000000
0.999829 0.018480 0.000994 0.316397 -0.018491 0.999740 0.013311 81.653809 -0.000747 -0.013327 0.999911 1.637814 0.000000 0.000000 0.000000 1.000000
0.999827 0.018561 0.001397 0.307147 -0.018579 0.999727 0.014190 81.617638 -0.001133 -0.014214 0.999898 1.564917 0.000000 0.000000 0.000000 1.000000
0.999826 0.018570 0.001984 0.299178 -0.018598 0.999711 0.015224 81.578789 -0.001700 -0.015258 0.999882 1.491449 0.000000 0.000000 0.000000 1.000000
0.999825 0.018530 0.002649 0.292853 -0.018571 0.999696 0.016217 81.538918 -0.002347 -0.016263 0.999865 1.420262 0.000000 0.000000 0.000000 1.000000
0.999824 0.018466 0.003224 0.288950 -0.018518 0.999682 0.017144 81.497955 -0.002906 -0.017201 0.999848 1.352512 0.000000 0.000000 0.000000 1.000000
0.999824 0.018395 0.003659 0.287943 -0.018459 0.999665 0.018128 81.455154 -0.003325 -0.018193 0.999829 1.286115 0.000000 0.000000 0.000000 1.000000
0.999824 0.018339 0.003933 0.289837 -0.018411 0.999645 0.019256 81.410904 -0.003579 -0.019325 0.999807 1.218137 0.000000 0.000000 0.000000 1.000000
0.999824 0.018319 0.003956 0.294320 -0.018397 0.999621 0.020499 81.367355 -0.003579 -0.020568 0.999782 1.148295 0.000000 0.000000 0.000000 1.000000
0.999825 0.018364 0.003584 0.300557 -0.018438 0.999595 0.021694 81.327118 -0.003184 -0.021756 0.999758 1.079407 0.000000 0.000000 0.000000 1.000000
0.999823 0.018588 0.002762 0.306792 -0.018646 0.999570 0.022619 81.291191 -0.002340 -0.022666 0.999740 1.013971 0.000000 0.000000 0.000000 1.000000
0.999818 0.019018 0.001703 0.311263 -0.019053 0.999548 0.023241 81.258362 -0.001261 -0.023269 0.999728 0.950712 0.000000 0.000000 0.000000 1.000000
0.999809 0.019519 0.000711 0.313040 -0.019530 0.999527 0.023739 81.227814 -0.000247 -0.023748 0.999718 0.886218 0.000000 0.000000 0.000000 1.000000
0.999801 0.019944 -0.000153 0.313006 -0.019935 0.999506 0.024284 81.200310 0.000637 -0.024276 0.999705 0.819262 0.000000 0.000000 0.000000 1.000000
0.999794 0.020264 -0.001006 0.313238 -0.020232 0.999484 0.024949 81.176765 0.001511 -0.024924 0.999688 0.751573 0.000000 0.000000 0.000000 1.000000
0.999787 0.020550 -0.001909 0.315095 -0.020494 0.999459 0.025743 81.156700 0.002437 -0.025698 0.999667 0.685237 0.000000 0.000000 0.000000 1.000000
0.999778 0.020881 -0.002828 0.318302 -0.020799 0.999430 0.026593 81.139153 0.003382 -0.026529 0.999642 0.620425 0.000000 0.000000 0.000000 1.000000
0.999768 0.021204 -0.003713 0.322696 -0.021094 0.999404 0.027341 81.124084 0.004291 -0.027257 0.999619 0.555785 0.000000 0.000000 0.000000 1.000000
0.999762 0.021347 -0.004528 0.328990 -0.021213 0.999386 0.027898 81.111267 0.005121 -0.027796 0.999601 0.490407 0.000000 0.000000 0.000000 1.000000
0.999759 0.021340 -0.005244 0.337132 -0.021183 0.999374 0.028320 81.099998 0.005845 -0.028202 0.999585 0.424904 0.000000 0.000000 0.000000 1.000000
0.999758 0.021228 -0.005804 0.345951 -0.021054 0.999367 0.028672 81.088882 0.006409 -0.028543 0.999572 0.360439 0.000000 0.000000 0.000000 1.000000
0.999760 0.021010 -0.006137 0.353255 -0.020824 0.999364 0.028965 81.076904 0.006741 -0.028830 0.999562 0.297541 0.000000 0.000000 0.000000 1.000000
0.999765 0.020733 -0.006287 0.357196 -0.020541 0.999362 0.029213 81.063828 0.006889 -0.029077 0.999553 0.236543 0.000000 0.000000 0.000000 1.000000
0.999770 0.020489 -0.006392 0.356928 -0.020292 0.999360 0.029453 81.050468 0.006992 -0.029317 0.999546 0.178177 0.000000 0.000000 0.000000 1.000000
0.999772 0.020354 -0.006512 0.352306 -0.020152 0.999357 0.029669 81.038414 0.007112 -0.029531 0.999539 0.122720 0.000000 0.000000 0.000000 1.000000
0.999772 0.020286 -0.006665 0.343682 -0.020079 0.999356 0.029729 81.029053 0.007264 -0.029588 0.999536 0.069584 0.000000 0.000000 0.000000 1.000000
0.999772 0.020199 -0.006927 0.331927 -0.019987 0.999366 0.029476 81.023277 0.007518 -0.029331 0.999541 0.018301 0.000000 0.000000 0.000000 1.000000
0.999773 0.020009 -0.007335 0.317829 -0.019789 0.999385 0.028940 81.021103 0.007909 -0.028788 0.999554 -0.030772 0.000000 0.000000 0.000000 1.000000
0.999775 0.019715 -0.007821 0.301062 -0.019486 0.999409 0.028306 81.021805 0.008375 -0.028147 0.999569 -0.076853 0.000000 0.000000 0.000000 1.000000
0.999778 0.019372 -0.008252 0.281082 -0.019137 0.999434 0.027677 81.023521 0.008784 -0.027513 0.999583 -0.119805 0.000000 0.000000 0.000000 1.000000
0.999782 0.019081 -0.008515 0.258345 -0.018845 0.999458 0.027006 81.023674 0.009026 -0.026840 0.999599 -0.159775 0.000000 0.000000 0.000000 1.000000
0.999785 0.018871 -0.008606 0.234127 -0.018639 0.999480 0.026324 81.019981 0.009098 -0.026158 0.999616 -0.196230 0.000000 0.000000 0.000000 1.000000
0.999789 0.018614 -0.008641 0.210186 -0.018385 0.999497 0.025841 81.012230 0.009117 -0.025677 0.999629 -0.228529 0.000000 0.000000 0.000000 1.000000
0.999798 0.018163 -0.008627 0.187803 -0.017936 0.999507 0.025765 81.001389 0.009091 -0.025605 0.999631 -0.256765 0.000000 0.000000 0.000000 1.000000
0.999809 0.017546 -0.008574 0.167398 -0.017317 0.999510 0.026070 80.988113 0.009027 -0.025916 0.999623 -0.280690 0.000000 0.000000 0.000000 1.000000
0.999822 0.016912 -0.008405 0.149243 -0.016684 0.999509 0.026524 80.972679 0.008850 -0.026379 0.999613 -0.299289 0.000000 0.000000 0.000000 1.000000
0.999833 0.016361 -0.008165 0.133969 -0.016136 0.999506 0.026955 80.955727 0.008602 -0.026818 0.999603 -0.312208 0.000000 0.000000 0.000000 1.000000
0.999842 0.015891 -0.007934 0.121632 -0.015668 0.999503 0.027358 80.938568 0.008365 -0.027229 0.999594 -0.319684 0.000000 0.000000 0.000000 1.000000
0.999850 0.015475 -0.007806 0.111198 -0.015252 0.999498 0.027783 80.922783 0.008232 -0.027660 0.999584 -0.322243 0.000000 0.000000 0.000000 1.000000
0.999855 0.015127 -0.007766 0.101270 -0.014903 0.999492 0.028175 80.909569 0.008188 -0.028055 0.999573 -0.321094 0.000000 0.000000 0.000000 1.000000
0.999859 0.014866 -0.007753 0.091089 -0.014640 0.999489 0.028423 80.899796 0.008171 -0.028305 0.999566 -0.317598 0.000000 0.000000 0.000000 1.000000
0.999862 0.014672 -0.007761 0.080772 -0.014446 0.999491 0.028458 80.894234 0.008175 -0.028342 0.999565 -0.312648 0.000000 0.000000 0.000000 1.000000
0.999863 0.014616 -0.007780 0.070346 -0.014389 0.999493 0.028406 80.892944 0.008191 -0.028290 0.999566 -0.306843 0.000000 0.000000 0.000000 1.000000
0.999863 0.014613 -0.007806 0.059973 -0.014387 0.999498 0.028238 80.895027 0.008215 -0.028122 0.999571 -0.301231 0.000000 0.000000 0.000000 1.000000
0.999862 0.014659 -0.007832 0.049865 -0.014435 0.999503 0.028015 80.898834 0.008238 -0.027898 0.999577 -0.296588 0.000000 0.000000 0.000000 1.000000
0.999860 0.014785 -0.007849 0.040407 -0.014562 0.999509 0.027752 80.902710 0.008256 -0.027634 0.999584 -0.293495 0.000000 0.000000 0.000000 1.000000
0.999857 0.014958 -0.007853 0.032155 -0.014737 0.999514 0.027465 80.906006 0.008260 -0.027346 0.999592 -0.291598 0.000000 0.000000 0.000000 1.000000
0.999855 0.015120 -0.007838 0.025523 -0.014901 0.999520 0.027174 80.908722 0.008245 -0.027053 0.999600 -0.289646 0.000000 0.000000 0.000000 1.000000
0.999854 0.015213 -0.007799 0.020674 -0.014998 0.999526 0.026880 80.911003 0.008204 -0.026759 0.999608 -0.286731 0.000000 0.000000 0.000000 1.000000
0.999854 0.015264 -0.007729 0.017663 -0.015053 0.999534 0.026573 80.912956 0.008131 -0.026453 0.999617 -0.283100 0.000000 0.000000 0.000000 1.000000
0.999855 0.015296 -0.007546 0.016775 -0.015093 0.999542 0.026238 80.914398 0.007944 -0.026120 0.999627 -0.279287 0.000000 0.000000 0.000000 1.000000
0.999856 0.015308 -0.007328 0.018401 -0.015114 0.999552 0.025850 80.915192 0.007721 -0.025736 0.999639 -0.275186 0.000000 0.000000 0.000000 1.000000
0.999858 0.015299 -0.007122 0.022683 -0.015114 0.999564 0.025379 80.915558 0.007507 -0.025267 0.999653 -0.270236 0.000000 0.000000 0.000000 1.000000
0.999859 0.015266 -0.006956 0.029339 -0.015089 0.999578 0.024822 80.916023 0.007332 -0.024713 0.999668 -0.264060 0.000000 0.000000 0.000000 1.000000
0.999861 0.015205 -0.006853 0.037979 -0.015035 0.999594 0.024222 80.916664 0.007218 -0.024116 0.999683 -0.256560 0.000000 0.000000 0.000000 1.000000
0.999864 0.015030 -0.006839 0.048387 -0.014865 0.999610 0.023639 80.917046 0.007192 -0.023534 0.999697 -0.247591 0.000000 0.000000 0.000000 1.000000
0.999866 0.014781 -0.007026 0.060183 -0.014615 0.999626 0.023117 80.915840 0.007365 -0.023011 0.999708 -0.236610 0.000000 0.000000 0.000000 1.000000
0.999867 0.014494 -0.007446 0.072804 -0.014322 0.999640 0.022686 80.911629 0.007772 -0.022577 0.999715 -0.222966 0.000000 0.000000 0.000000 1.000000
0.999866 0.014260 -0.008035 0.085488 -0.014077 0.999651 0.022356 80.903854 0.008351 -0.022240 0.999718 -0.206435 0.000000 0.000000 0.000000 1.000000
0.999862 0.014192 -0.008664 0.097206 -0.013998 0.999658 0.022109 80.892548 0.008975 -0.021985 0.999718 -0.187516 0.000000 0.000000 0.000000 1.000000
0.999856 0.014259 -0.009234 0.107236 -0.014053 0.999661 0.021904 80.878922 0.009543 -0.021771 0.999717 -0.166968 0.000000 0.000000 0.000000 1.000000
0.999849 0.014444 -0.009683 0.115305 -0.014231 0.999664 0.021683 80.864227 0.009993 -0.021542 0.999718 -0.145075 0.000000 0.000000 0.000000 1.000000
0.999843 0.014652 -0.009951 0.121319 -0.014437 0.999667 0.021380 80.849716 0.010261 -0.021233 0.999722 -0.121866 0.000000 0.000000 0.000000 1.000000
0.999840 0.014871 -0.009980 0.124718 -0.014659 0.999673 0.020945 80.836678 0.010288 -0.020796 0.999731 -0.097597 0.000000 0.000000 0.000000 1.000000
0.999837 0.015123 -0.009818 0.125048 -0.014920 0.999681 0.020367 80.826828 0.010123 -0.020217 0.999744 -0.072078 0.000000 0.000000 0.000000 1.000000
0.999835 0.015399 -0.009631 0.122650 -0.015207 0.999691 0.019645 80.821800 0.009930 -0.019495 0.999761 -0.044239 0.000000 0.000000 0.000000 1.000000
0.999833 0.015630 -0.009472 0.118086 -0.015450 0.999704 0.018819 80.822044 0.009763 -0.018669 0.999778 -0.013571 0.000000 0.000000 0.000000 1.000000
0.999834 0.015727 -0.009195 0.111387 -0.015559 0.999717 0.018000 80.826218 0.009475 -0.017854 0.999796 0.018961 0.000000 0.000000 0.000000 1.000000
0.999838 0.015733 -0.008718 0.101964 -0.015581 0.999729 0.017312 80.831657 0.008988 -0.017173 0.999812 0.052401 0.000000 0.000000 0.000000 1.000000
0.999843 0.015712 -0.008175 0.090172 -0.015573 0.999738 0.016767 80.835930 0.008436 -0.016637 0.999826 0.087163 0.000000 0.000000 0.000000 1.000000
0.999846 0.015707 -0.007788 0.078343 -0.015578 0.999746 0.016268 80.838150 0.008041 -0.016144 0.999837 0.124932 0.000000 0.000000 0.000000 1.000000
0.999846 0.015760 -0.007704 0.068779 -0.015637 0.999754 0.015719 80.840019 0.007950 -0.015596 0.999847 0.168988 0.000000 0.000000 0.000000 1.000000
0.999843 0.015940 -0.007795 0.061625 -0.015821 0.999761 0.015121 80.844986 0.008034 -0.014995 0.999855 0.222743 0.000000 0.000000 0.000000 1.000000
0.999838 0.016140 -0.007989 0.055745 -0.016022 0.999766 0.014545 80.856606 0.008222 -0.014415 0.999862 0.287907 0.000000 0.000000 0.000000 1.000000
0.999832 0.016364 -0.008282 0.050100 -0.016246 0.999769 0.014099 80.877075 0.008511 -0.013962 0.999866 0.364455 0.000000 0.000000 0.000000 1.000000
0.999823 0.016660 -0.008701 0.044972 -0.016538 0.999767 0.013900 80.906784 0.008931 -0.013753 0.999866 0.451346 0.000000 0.000000 0.000000 1.000000
0.999813 0.017053 -0.009165 0.041037 -0.016925 0.999761 0.013867 80.944313 0.009399 -0.013710 0.999862 0.547396 0.000000 0.000000 0.000000 1.000000
0.999800 0.017496 -0.009696 0.039031 -0.017365 0.999759 0.013462 80.985046 0.009929 -0.013291 0.999862 0.652419 0.000000 0.000000 0.000000 1.000000
0.999784 0.017890 -0.010571 0.039808 -0.017762 0.999769 0.012081 81.023613 0.010785 -0.011891 0.999871 0.767844 0.000000 0.000000 0.000000 1.000000
0.999764 0.018212 -0.011861 0.044707 -0.018095 0.999788 0.009867 81.064079 0.012039 -0.009650 0.999881 0.896637 0.000000 0.000000 0.000000 1.000000
0.999743 0.018692 -0.012854 0.055776 -0.018596 0.999799 0.007512 81.106316 0.012992 -0.007271 0.999889 1.040051 0.000000 0.000000 0.000000 1.000000
0.999727 0.019704 -0.012575 0.074375 -0.019639 0.999793 0.005239 81.142311 0.012675 -0.004991 0.999907 1.194106 0.000000 0.000000 0.000000 1.000000
0.999716 0.021172 -0.010948 0.099162 -0.021141 0.999772 0.002992 81.170280 0.011008 -0.002759 0.999936 1.356194 0.000000 0.000000 0.000000 1.000000
0.999711 0.022316 -0.008894 0.125941 -0.022306 0.999750 0.001200 81.192009 0.008918 -0.001001 0.999960 1.532886 0.000000 0.000000 0.000000 1.000000
0.999721 0.022524 -0.007123 0.150732 -0.022523 0.999746 0.000309 81.208809 0.007128 -0.000148 0.999975 1.731967 0.000000 0.000000 0.000000 1.000000
0.999742 0.022056 -0.005510 0.172420 -0.022056 0.999757 0.000089 81.216034 0.005511 0.000033 0.999985 1.951751 0.000000 0.000000 0.000000 1.000000
0.999760 0.021565 -0.003800 0.193395 -0.021565 0.999767 -0.000014 81.208054 0.003799 0.000096 0.999993 2.183395 0.000000 0.000000 0.000000 1.000000
0.999770 0.021313 -0.002218 0.215284 -0.021314 0.999773 -0.000455 81.189529 0.002207 0.000502 0.999997 2.417649 0.000000 0.000000 0.000000 1.000000
0.999774 0.021231 -0.001186 0.238278 -0.021233 0.999773 -0.001496 81.164040 0.001154 0.001521 0.999998 2.648922 0.000000 0.000000 0.000000 1.000000
0.999774 0.021243 -0.000822 0.262847 -0.021245 0.999769 -0.003272 81.127983 0.000752 0.003289 0.999994 2.876884 0.000000 0.000000 0.000000 1.000000
0.999772 0.021338 -0.000952 0.294224 -0.021343 0.999757 -0.005526 81.071663 0.000833 0.005545 0.999984 3.101942 0.000000 0.000000 0.000000 1.000000
0.999764 0.021679 -0.001469 0.334958 -0.021690 0.999734 -0.007793 81.007599 0.001300 0.007823 0.999969 3.323835 0.000000 0.000000 0.000000 1.000000
0.999750 0.022241 -0.002447 0.394570 -0.022264 0.999703 -0.009901 80.934044 0.002226 0.009953 0.999948 3.548344 0.000000 0.000000 0.000000 1.000000
0.999736 0.022646 -0.003893 0.464735 -0.022691 0.999673 -0.011765 80.867973 0.003626 0.011851 0.999923 3.773200 0.000000 0.000000 0.000000 1.000000
0.999728 0.022617 -0.005779 0.530590 -0.022692 0.999655 -0.013263 80.832489 0.005477 0.013390 0.999895 3.995689 0.000000 0.000000 0.000000 1.000000
0.999721 0.022300 -0.007841 0.595697 -0.022411 0.999646 -0.014336 80.814758 0.007518 0.014508 0.999866 4.222568 0.000000 0.000000 0.000000 1.000000
0.999716 0.021823 -0.009581 0.661131 -0.021965 0.999647 -0.014915 80.813591 0.009252 0.015122 0.999843 4.451133 0.000000 0.000000 0.000000 1.000000
0.999716 0.021295 -0.010712 0.728321 -0.021455 0.999657 -0.015034 80.830307 0.010388 0.015260 0.999830 4.675810 0.000000 0.000000 0.000000 1.000000
0.999720 0.020757 -0.011392 0.796281 -0.020924 0.999673 -0.014728 80.865776 0.011082 0.014962 0.999827 4.893014 0.000000 0.000000 0.000000 1.000000
0.999724 0.020222 -0.011958 0.861673 -0.020389 0.999694 -0.014014 80.918282 0.011671 0.014254 0.999830 5.099384 0.000000 0.000000 0.000000 1.000000
0.999725 0.019778 -0.012631 0.923332 -0.019941 0.999718 -0.012933 80.983223 0.012372 0.013182 0.999837 5.290226 0.000000 0.000000 0.000000 1.000000
0.999719 0.019461 -0.013530 0.982427 -0.019617 0.999741 -0.011545 81.056175 0.013302 0.011808 0.999842 5.462230 0.000000 0.000000 0.000000 1.000000
0.999707 0.019121 -0.014814 1.038630 -0.019269 0.999765 -0.009965 81.133354 0.014620 0.010247 0.999841 5.614678 0.000000 0.000000 0.000000 1.000000
0.999685 0.018722 -0.016724 1.092245 -0.018862 0.999788 -0.008299 81.211372 0.016565 0.008612 0.999826 5.746564 0.000000 0.000000 0.000000 1.000000
0.999643 0.018326 -0.019433 1.146224 -0.018458 0.999808 -0.006619 81.286255 0.019308 0.006975 0.999789 5.855147 0.000000 0.000000 0.000000 1.000000
0.999580 0.017939 -0.022774 1.204609 -0.018059 0.999824 -0.005062 81.355789 0.022679 0.005471 0.999728 5.938513 0.000000 0.000000 0.000000 1.000000
0.999504 0.017463 -0.026191 1.266843 -0.017569 0.999838 -0.003828 81.422165 0.026119 0.004287 0.999650 5.997413 0.000000 0.000000 0.000000 1.000000
0.999434 0.016799 -0.029150 1.327165 -0.016892 0.999853 -0.002933 81.490036 0.029096 0.003423 0.999571 6.034443 0.000000 0.000000 0.000000 1.000000
0.999375 0.016034 -0.031518 1.380659 -0.016109 0.999868 -0.002124 81.562759 0.031480 0.002630 0.999501 6.053029 0.000000 0.000000 0.000000 1.000000
0.999324 0.015354 -0.033402 1.427480 -0.015404 0.999881 -0.001235 81.639893 0.033379 0.001748 0.999441 6.057888 0.000000 0.000000 0.000000 1.000000
0.999287 0.014775 -0.034741 1.469079 -0.014800 0.999890 -0.000450 81.718826 0.034731 0.000964 0.999396 6.054388 0.000000 0.000000 0.000000 1.000000
0.999278 0.014166 -0.035239 1.503886 -0.014175 0.999900 0.000015 81.797508 0.035236 0.000484 0.999379 6.046911 0.000000 0.000000 0.000000 1.000000
0.999307 0.013451 -0.034716 1.527760 -0.013450 0.999910 0.000262 81.874924 0.034717 0.000205 0.999397 6.039150 0.000000 0.000000 0.000000 1.000000
0.999359 0.012666 -0.033470 1.541523 -0.012659 0.999920 0.000421 81.951347 0.033473 0.000003 0.999440 6.034764 0.000000 0.000000 0.000000 1.000000
0.999417 0.011704 -0.032079 1.550051 -0.011696 0.999932 0.000425 82.028412 0.032081 -0.000050 0.999485 6.035647 0.000000 0.000000 0.000000 1.000000
0.999469 0.010407 -0.030871 1.558622 -0.010406 0.999946 0.000190 82.104660 0.030871 0.000132 0.999523 6.039455 0.000000 0.000000 0.000000 1.000000
0.999517 0.008792 -0.029815 1.565420 -0.008799 0.999961 -0.000128 82.178650 0.029812 0.000390 0.999555 6.040661 0.000000 0.000000 0.000000 1.000000
0.999557 0.007193 -0.028896 1.566168 -0.007205 0.999974 -0.000307 82.250412 0.028893 0.000515 0.999582 6.034763 0.000000 0.000000 0.000000 1.000000
0.999581 0.005933 -0.028344 1.557814 -0.005947 0.999982 -0.000399 82.319954 0.028341 0.000568 0.999598 6.018641 0.000000 0.000000 0.000000 1.000000
0.999584 0.005008 -0.028413 1.537724 -0.005026 0.999987 -0.000585 82.384735 0.028410 0.000727 0.999596 5.989648 0.000000 0.000000 0.000000 1.000000
0.999569 0.004212 -0.029055 1.502889 -0.004246 0.999990 -0.001097 82.442970 0.029050 0.001220 0.999577 5.945543 0.000000 0.000000 0.000000 1.000000
0.999546 0.003510 -0.029919 1.453262 -0.003570 0.999992 -0.001947 82.496826 0.029912 0.002052 0.999550 5.887348 0.000000 0.000000 0.000000 1.000000
0.999529 0.003117 -0.030520 1.391345 -0.003208 0.999991 -0.002937 82.550720 0.030510 0.003033 0.999530 5.820067 0.000000 0.000000 0.000000 1.000000
0.999534 0.003218 -0.030370 1.319006 -0.003335 0.999987 -0.003780 82.607758 0.030357 0.003880 0.999532 5.750209 0.000000 0.000000 0.000000 1.000000
0.999564 0.003725 -0.029306 1.238588 -0.003851 0.999984 -0.004248 82.667969 0.029289 0.004359 0.999561 5.683145 0.000000 0.000000 0.000000 1.000000
0.999609 0.004419 -0.027601 1.154061 -0.004540 0.999980 -0.004324 82.727386 0.027581 0.004447 0.999610 5.621255 0.000000 0.000000 0.000000 1.000000
0.999656 0.005192 -0.025701 1.068959 -0.005301 0.999977 -0.004177 82.779854 0.025679 0.004311 0.999661 5.562334 0.000000 0.000000 0.000000 1.000000
0.999692 0.006025 -0.024058 0.986833 -0.006121 0.999974 -0.003927 82.820091 0.024034 0.004073 0.999703 5.500950 0.000000 0.000000 0.000000 1.000000
0.999711 0.006900 -0.023025 0.911710 -0.006984 0.999969 -0.003571 82.844597 0.023000 0.003731 0.999729 5.433223 0.000000 0.000000 0.000000 1.000000
0.999712 0.007805 -0.022675 0.847571 -0.007878 0.999964 -0.003142 82.852463 0.022650 0.003320 0.999738 5.359708 0.000000 0.000000 0.000000 1.000000
0.999706 0.008679 -0.022653 0.796000 -0.008744 0.999958 -0.002776 82.847160 0.022628 0.002973 0.999740 5.284226 0.000000 0.000000 0.000000 1.000000
0.999701 0.009342 -0.022581 0.755255 -0.009405 0.999952 -0.002713 82.836090 0.022555 0.002925 0.999741 5.210841 0.000000 0.000000 0.000000 1.000000
0.999709 0.009591 -0.022155 0.723036 -0.009665 0.999948 -0.003214 82.826614 0.022123 0.003427 0.999749 5.142283 0.000000 0.000000 0.000000 1.000000
0.999730 0.009461 -0.021233 0.700247 -0.009554 0.999945 -0.004300 82.821968 0.021192 0.004502 0.999765 5.080437 0.000000 0.000000 0.000000 1.000000
0.999760 0.009245 -0.019879 0.688918 -0.009358 0.999941 -0.005603 82.821236 0.019826 0.005787 0.999787 5.025746 0.000000 0.000000 0.000000 1.000000
0.999790 0.009208 -0.018327 0.687124 -0.009331 0.999934 -0.006646 82.821358 0.018264 0.006816 0.999810 4.976942 0.000000 0.000000 0.000000 1.000000
0.999815 0.009248 -0.016868 0.690286 -0.009372 0.999930 -0.007275 82.819344 0.016800 0.007432 0.999831 4.932622 0.000000 0.000000 0.000000 1.000000
0.999833 0.009318 -0.015729 0.695487 -0.009439 0.999926 -0.007693 82.814110 0.015656 0.007840 0.999847 4.892599 0.000000 0.000000 0.000000 1.000000
0.999843 0.009421 -0.014985 0.701662 -0.009543 0.999921 -0.008132 82.807617 0.014908 0.008274 0.999855 4.857755 0.000000 0.000000 0.000000 1.000000
0.999848 0.009541 -0.014616 0.708175 -0.009667 0.999917 -0.008570 82.804131 0.014533 0.008710 0.999856 4.827650 0.000000 0.000000 0.000000 1.000000
0.999844 0.009783 -0.014722 0.714451 -0.009913 0.999912 -0.008809 82.806236 0.014635 0.008953 0.999853 4.798323 0.000000 0.000000 0.000000 1.000000
0.999829 0.010073 -0.015509 0.722279 -0.010210 0.999909 -0.008799 82.811577 0.015418 0.008956 0.999841 4.764071 0.000000 0.000000 0.000000 1.000000
0.999804 0.010315 -0.016908 0.736688 -0.010464 0.999907 -0.008778 82.814064 0.016816 0.008953 0.999819 4.720110 0.000000 0.000000 0.000000 1.000000
0.999774 0.010606 -0.018417 0.760414 -0.010773 0.999902 -0.008987 82.808472 0.018320 0.009184 0.999790 4.662341 0.000000 0.000000 0.000000 1.000000
0.999749 0.011054 -0.019476 0.787564 -0.011239 0.999892 -0.009424 82.795265 0.019370 0.009640 0.999766 4.587905 0.000000 0.000000 0.000000 1.000000
0.999738 0.011490 -0.019772 0.808146 -0.011687 0.999883 -0.009886 82.781509 0.019656 0.010114 0.999756 4.496601 0.000000 0.000000 0.000000 1.000000
0.999747 0.011672 -0.019206 0.818197 -0.011873 0.999875 -0.010395 82.775032 0.019082 0.010620 0.999762 4.392238 0.000000 0.000000 0.000000 1.000000
0.999770 0.011737 -0.017960 0.823100 -0.011941 0.999865 -0.011265 82.778038 0.017825 0.011477 0.999775 4.281426 0.000000 0.000000 0.000000 1.000000
0.999792 0.012063 -0.016446 0.829599 -0.012270 0.999846 -0.012544 82.786407 0.016292 0.012743 0.999786 4.170333 0.000000 0.000000 0.000000 1.000000
0.999808 0.012734 -0.014923 0.841161 -0.012939 0.999821 -0.013778 82.794388 0.014745 0.013968 0.999794 4.062647 0.000000 0.000000 0.000000 1.000000
0.999819 0.013558 -0.013371 0.858796 -0.013751 0.999800 -0.014508 82.798500 0.013172 0.014689 0.999805 3.959606 0.000000 0.000000 0.000000 1.000000
0.999827 0.014420 -0.011774 0.882385 -0.014592 0.999787 -0.014608 82.796707 0.011561 0.014777 0.999824 3.860694 0.000000 0.000000 0.000000 1.000000
0.999829 0.015324 -0.010327 0.911600 -0.015469 0.999781 -0.014102 82.785965 0.010109 0.014259 0.999847 3.765534 0.000000 0.000000 0.000000 1.000000
0.999825 0.016269 -0.009281 0.947425 -0.016389 0.999781 -0.012981 82.764320 0.009068 0.013131 0.999873 3.676368 0.000000 0.000000 0.000000 1.000000
0.999815 0.017146 -0.008695 0.991763 -0.017243 0.999789 -0.011179 82.734512 0.008502 0.011327 0.999900 3.596367 0.000000 0.000000 0.000000 1.000000
0.999807 0.017747 -0.008481 1.042629 -0.017820 0.999804 -0.008642 82.702309 0.008326 0.008791 0.999927 3.525597 0.000000 0.000000 0.000000 1.000000
0.999801 0.017988 -0.008569 1.093170 -0.018035 0.999822 -0.005465 82.671310 0.008469 0.005618 0.999948 3.460957 0.000000 0.000000 0.000000 1.000000
0.999797 0.018099 -0.008815 1.139316 -0.018117 0.999834 -0.002002 82.642319 0.008777 0.002161 0.999959 3.398862 0.000000 0.000000 0.000000 1.000000
0.999792 0.018312 -0.008995 1.184010 -0.018301 0.999832 0.001284 82.616119 0.009017 -0.001119 0.999959 3.335910 0.000000 0.000000 0.000000 1.000000
0.999785 0.018697 -0.008981 1.228120 -0.018659 0.999817 0.004251 82.592834 0.009059 -0.004083 0.999951 3.269062 0.000000 0.000000 0.000000 1.000000
0.999776 0.019140 -0.008998 1.265060 -0.019075 0.999792 0.007206 82.568161 0.009134 -0.007033 0.999934 3.197736 0.000000 0.000000 0.000000 1.000000
0.999767 0.019521 -0.009199 1.287611 -0.019424 0.999756 0.010538 82.538437 0.009402 -0.010357 0.999902 3.121712 0.000000 0.000000 0.000000 1.000000
0.999761 0.019779 -0.009363 1.295372 -0.019644 0.999704 0.014323 82.503502 0.009644 -0.014136 0.999854 3.040479 0.000000 0.000000 0.000000 1.000000
0.999760 0.019894 -0.009137 1.291735 -0.019724 0.999636 0.018386 82.465309 0.009499 -0.018201 0.999789 2.955074 0.000000 0.000000 0.000000 1.000000
0.999765 0.019975 -0.008424 1.278447 -0.019781 0.999550 0.022542 82.423401 0.008871 -0.022370 0.999710 2.868751 0.000000 0.000000 0.000000 1.000000
0.999769 0.020137 -0.007525 1.255964 -0.019930 0.999448 0.026579 82.375572 0.008056 -0.026423 0.999618 2.785002 0.000000 0.000000 0.000000 1.000000
0.999763 0.020637 -0.006918 1.227716 -0.020420 0.999335 0.030203 82.319321 0.007537 -0.030054 0.999520 2.705612 0.000000 0.000000 0.000000 1.000000
0.999747 0.021413 -0.006942 1.197953 -0.021170 0.999220 0.033339 82.253395 0.007650 -0.033184 0.999420 2.625983 0.000000 0.000000 0.000000 1.000000
0.999726 0.022188 -0.007490 1.161798 -0.021903 0.999107 0.036129 82.177078 0.008285 -0.035955 0.999319 2.542104 0.000000 0.000000 0.000000 1.000000
0.999707 0.022761 -0.008187 1.114506 -0.022428 0.999001 0.038663 82.091942 0.009058 -0.038468 0.999219 2.444381 0.000000 0.000000 0.000000 1.000000
0.999696 0.023066 -0.008767 1.048748 -0.022690 0.998909 0.040823 81.999321 0.009699 -0.040611 0.999128 2.328131 0.000000 0.000000 0.000000 1.000000
0.999692 0.023047 -0.009164 0.960952 -0.022638 0.998841 0.042480 81.901756 0.010133 -0.042259 0.999055 2.190707 0.000000 0.000000 0.000000 1.000000
0.999695 0.022744 -0.009624 0.855520 -0.022302 0.998791 0.043811 81.803879 0.010609 -0.043583 0.998993 2.027511 0.000000 0.000000 0.000000 1.000000
0.999700 0.022288 -0.010108 0.743149 -0.021811 0.998746 0.045053 81.714378 0.011100 -0.044820 0.998933 1.838498 0.000000 0.000000 0.000000 1.000000
0.999708 0.021777 -0.010466 0.634872 -0.021272 0.998706 0.046198 81.642975 0.011459 -0.045962 0.998877 1.632877 0.000000 0.000000 0.000000 1.000000
0.999714 0.021489 -0.010478 0.553516 -0.020973 0.998668 0.047133 81.593338 0.011476 -0.046900 0.998834 1.431912 0.000000 0.000000 0.000000 1.000000
