<?xml version="1.0" encoding="utf-8"?>
<COLLADA xmlns="http://www.collada.org/2005/11/COLLADASchema" version="1.4.1">
  <asset><contributor><author>Mixamo</author><authoring_tool>COLLADA Mixamo exporter</authoring_tool><comments></comments></contributor><created>2019-04-24T14:52:00Z</created><modified>2019-04-24T14:52:00Z</modified><revision></revision><title></title><unit meter="0.010000"/><up_axis>Y_UP</up_axis></asset>
  <library_animations>
    <animation id="Hips-anim" name="Hips"><source id="Hips-Matrix-animation-input"><float_array id="Hips-Matrix-animation-input-array" count="59">

0.000000 0.033333 0.066667 0.100000 0.133333 0.166667 0.200000 0.233333 0.266667 0.300000 0.333333 0.366667 0.400000 0.433333 0.466667 0.500000
0.533333 0.566667 0.600000 0.633333 0.666667 0.700000 0.733333 0.766667 0.800000 0.833333 0.866667 0.900000 0.933333 0.966667 1.000000 1.033333
1.066667 1.100000 1.133333 1.166667 1.200000 1.233333 1.266667 1.300000 1.333333 1.366667 1.400000 1.433333 1.466667 1.500000 1.533333 1.566667
1.600000 1.633333 1.666667 1.700000 1.733333 1.766667 1.800000 1.833333 1.866667 1.900000 1.933333</float_array><technique_common><accessor source="#Hips-Matrix-animation-input-array" count="59"><param name="TIME" type="float"/></accessor></technique_common></source><source id="Hips-Matrix-animation-output-transform"><float_array id="Hips-Matrix-animation-output-transform-array" count="944">

0.729143 0.051269 -0.682439 -0.154358 0.002493 0.996984 0.077563 77.263107 0.684357 -0.058256 0.726816 -0.545535 0.000000 0.000000 0.000000 1.000000
0.728840 0.051516 -0.682743 -0.144284 0.002496 0.996959 0.077889 77.270828 0.684679 -0.058473 0.726495 -0.554404 0.000000 0.000000 0.000000 1.000000
0.728627 0.051729 -0.682954 -0.133138 0.002497 0.996937 0.078175 77.278900 0.684906 -0.058665 0.726266 -0.559560 0.000000 0.000000 0.000000 1.000000
0.728633 0.052083 -0.682921 -0.122268 0.002332 0.996910 0.078517 77.287979 0.684900 -0.058803 0.726260 -0.558403 0.000000 0.000000 0.000000 1.000000
0.728924 0.052463 -0.682581 -0.113868 0.002118 0.996882 0.078882 77.298294 0.684591 -0.058945 0.726540 -0.548801 0.000000 0.000000 0.000000 1.000000
0.729435 0.052864 -0.682004 -0.109233 0.001956 0.996844 0.079360 77.309471 0.684047 -0.059222 0.727030 -0.530348 0.000000 0.000000 0.000000 1.000000
0.730010 0.053277 -0.681357 -0.107994 0.001917 0.996793 0.079995 77.321960 0.683434 -0.059703 0.727567 -0.504371 0.000000 0.000000 0.000000 1.000000
0.730478 0.053697 -0.680822 -0.108804 0.001951 0.996736 0.080708 77.337685 0.682934 -0.060284 0.727988 -0.472437 0.000000 0.000000 0.000000 1.000000
0.730745 0.054007 -0.680511 -0.110238 0.002021 0.996690 0.081269 77.358238 0.682648 -0.060763 0.728217 -0.435343 0.000000 0.000000 0.000000 1.000000
0.730795 0.054190 -0.680442 -0.110549 0.002069 0.996663 0.081597 77.382393 0.682594 -0.061039 0.728245 -0.393591 0.000000 0.000000 0.000000 1.000000
0.730663 0.054333 -0.680573 -0.107174 0.002098 0.996645 0.081818 77.405907 0.682735 -0.061209 0.728098 -0.348787 0.000000 0.000000 0.000000 1.000000
0.730439 0.054569 -0.680795 -0.098226 0.002134 0.996616 0.082173 77.423920 0.682975 -0.061475 0.727850 -0.303695 0.000000 0.000000 0.000000 1.000000
0.730326 0.054918 -0.680888 -0.085147 0.002228 0.996566 0.082769 77.434952 0.683096 -0.061965 0.727695 -0.260663 0.000000 0.000000 0.000000 1.000000
0.730551 0.055327 -0.680613 -0.072963 0.002367 0.996501 0.083545 77.442703 0.682854 -0.062645 0.727864 -0.219898 0.000000 0.000000 0.000000 1.000000
0.731122 0.055802 -0.679961 -0.066336 0.002422 0.996431 0.084378 77.453873 0.682242 -0.063338 0.728377 -0.180482 0.000000 0.000000 0.000000 1.000000
0.731720 0.056253 -0.679280 -0.065586 0.002350 0.996374 0.085044 77.473183 0.681601 -0.063824 0.728935 -0.142485 0.000000 0.000000 0.000000 1.000000
0.731934 0.056626 -0.679019 -0.066959 0.002146 0.996344 0.085402 77.499947 0.681372 -0.063966 0.729137 -0.107183 0.000000 0.000000 0.000000 1.000000
0.731647 0.056880 -0.679306 -0.066828 0.001895 0.996339 0.085467 77.528938 0.681681 -0.063819 0.728861 -0.075233 0.000000 0.000000 0.000000 1.000000
0.731121 0.057064 -0.679857 -0.064623 0.001673 0.996343 0.085428 77.554466 0.682246 -0.063595 0.728352 -0.045393 0.000000 0.000000 0.000000 1.000000
0.730737 0.057246 -0.680255 -0.062182 0.001519 0.996339 0.085478 77.573570 0.682657 -0.063495 0.727975 -0.014983 0.000000 0.000000 0.000000 1.000000
0.730678 0.057354 -0.680308 -0.061395 0.001483 0.996329 0.085589 77.586914 0.682720 -0.063548 0.727911 0.018488 0.000000 0.000000 0.000000 1.000000
0.730878 0.057463 -0.680085 -0.062902 0.001495 0.996312 0.085789 77.597656 0.682506 -0.063718 0.728097 0.055872 0.000000 0.000000 0.000000 1.000000
0.731170 0.057543 -0.679764 -0.066259 0.001540 0.996294 0.085994 77.608505 0.682193 -0.063923 0.728372 0.095922 0.000000 0.000000 0.000000 1.000000
0.731415 0.057521 -0.679503 -0.070555 0.001650 0.996284 0.086113 77.620003 0.681931 -0.064106 0.728602 0.135660 0.000000 0.000000 0.000000 1.000000
0.731505 0.057453 -0.679411 -0.074787 0.001764 0.996281 0.086148 77.630569 0.681833 -0.064217 0.728683 0.171290 0.000000 0.000000 0.000000 1.000000
0.731421 0.057332 -0.679512 -0.078345 0.001864 0.996288 0.086065 77.638588 0.681924 -0.064216 0.728599 0.199080 0.000000 0.000000 0.000000 1.000000
0.731179 0.057219 -0.679781 -0.081523 0.001882 0.996303 0.085886 77.644020 0.682183 -0.064077 0.728369 0.216952 0.000000 0.000000 0.000000 1.000000
0.730919 0.057063 -0.680074 -0.085303 0.001856 0.996328 0.085594 77.647934 0.682462 -0.063824 0.728129 0.225304 0.000000 0.000000 0.000000 1.000000
0.730736 0.056931 -0.680282 -0.089910 0.001763 0.996356 0.085275 77.650200 0.682658 -0.063513 0.727973 0.225791 0.000000 0.000000 0.000000 1.000000
0.730619 0.056844 -0.680416 -0.094348 0.001638 0.996380 0.085000 77.647812 0.682784 -0.063217 0.727880 0.219442 0.000000 0.000000 0.000000 1.000000
0.730550 0.056747 -0.680498 -0.097373 0.001578 0.996398 0.084783 77.637177 0.682858 -0.063012 0.727829 0.206243 0.000000 0.000000 0.000000 1.000000
0.730579 0.056714 -0.680469 -0.098821 0.001558 0.996404 0.084718 77.617950 0.682827 -0.062953 0.727863 0.186470 0.000000 0.000000 0.000000 1.000000
0.730785 0.056746 -0.680245 -0.100065 0.001536 0.996399 0.084770 77.594940 0.682606 -0.062993 0.728066 0.161471 0.000000 0.000000 0.000000 1.000000
0.731118 0.056828 -0.679880 -0.103055 0.001465 0.996392 0.084860 77.575989 0.682249 -0.063038 0.728397 0.133308 0.000000 0.000000 0.000000 1.000000
0.731392 0.056880 -0.679581 -0.108604 0.001350 0.996393 0.084850 77.566444 0.681956 -0.062976 0.728677 0.103775 0.000000 0.000000 0.000000 1.000000
0.731397 0.056662 -0.679594 -0.115089 0.001324 0.996422 0.084502 77.565025 0.681951 -0.062705 0.728705 0.073070 0.000000 0.000000 0.000000 1.000000
0.731092 0.056321 -0.679950 -0.119590 0.001339 0.996467 0.083979 77.564011 0.682278 -0.062307 0.728433 0.040148 0.000000 0.000000 0.000000 1.000000
0.730682 0.056019 -0.680415 -0.120882 0.001375 0.996505 0.083519 77.554413 0.682716 -0.061961 0.728052 0.004612 0.000000 0.000000 0.000000 1.000000
0.730474 0.055818 -0.680655 -0.120956 0.001437 0.996526 0.083264 77.532928 0.682939 -0.061800 0.727857 -0.031574 0.000000 0.000000 0.000000 1.000000
0.730596 0.055698 -0.680535 -0.122903 0.001503 0.996534 0.083174 77.504257 0.682809 -0.061790 0.727980 -0.065157 0.000000 0.000000 0.000000 1.000000
0.730877 0.055557 -0.680244 -0.128155 0.001595 0.996540 0.083103 77.477257 0.682507 -0.061823 0.728259 -0.094362 0.000000 0.000000 0.000000 1.000000
0.731011 0.055353 -0.680116 -0.135872 0.001717 0.996552 0.082952 77.458160 0.682363 -0.061806 0.728396 -0.120433 0.000000 0.000000 0.000000 1.000000
0.730821 0.055039 -0.680347 -0.144446 0.001860 0.996579 0.082621 77.446869 0.682567 -0.061647 0.728218 -0.146660 0.000000 0.000000 0.000000 1.000000
0.730366 0.054713 -0.680861 -0.152309 0.002000 0.996611 0.082232 77.438248 0.683053 -0.061421 0.727781 -0.176544 0.000000 0.000000 0.000000 1.000000
0.729860 0.054410 -0.681428 -0.158426 0.002123 0.996642 0.081853 77.426628 0.683594 -0.061188 0.727294 -0.212153 0.000000 0.000000 0.000000 1.000000
0.729503 0.054196 -0.681827 -0.162590 0.002167 0.996668 0.081540 77.409729 0.683974 -0.060961 0.726955 -0.253158 0.000000 0.000000 0.000000 1.000000
0.729377 0.053985 -0.681979 -0.165696 0.002178 0.996693 0.081227 77.389275 0.684109 -0.060730 0.726848 -0.297202 0.000000 0.000000 0.000000 1.000000
0.729452 0.053750 -0.681917 -0.168813 0.002177 0.996721 0.080892 77.369102 0.684028 -0.060491 0.726943 -0.341115 0.000000 0.000000 0.000000 1.000000
0.729644 0.053487 -0.681732 -0.172037 0.002189 0.996749 0.080545 77.352470 0.683823 -0.060262 0.727155 -0.382229 0.000000 0.000000 0.000000 1.000000
0.729843 0.053195 -0.681542 -0.173935 0.002237 0.996777 0.080195 77.339706 0.683611 -0.060054 0.727371 -0.418447 0.000000 0.000000 0.000000 1.000000
0.729923 0.052819 -0.681486 -0.172935 0.002372 0.996808 0.079799 77.328499 0.683525 -0.059863 0.727468 -0.448106 0.000000 0.000000 0.000000 1.000000
0.729809 0.052463 -0.681635 -0.168894 0.002515 0.996838 0.079415 77.316475 0.683646 -0.059672 0.727370 -0.470232 0.000000 0.000000 0.000000 1.000000
0.729530 0.052317 -0.681945 -0.163430 0.002520 0.996858 0.079172 77.303520 0.683944 -0.059477 0.727106 -0.485495 0.000000 0.000000 0.000000 1.000000
0.729204 0.052196 -0.682303 -0.158724 0.002523 0.996875 0.078957 77.291138 0.684292 -0.059298 0.726793 -0.496360 0.000000 0.000000 0.000000 1.000000
0.728958 0.052082 -0.682574 -0.155986 0.002526 0.996890 0.078762 77.281044 0.684554 -0.059138 0.726560 -0.505569 0.000000 0.000000 0.000000 1.000000
0.728887 0.051937 -0.682661 -0.155318 0.002528 0.996907 0.078544 77.273766 0.684629 -0.058975 0.726502 -0.514861 0.000000 0.000000 0.000000 1.000000
0.728958 0.051729 -0.682601 -0.155852 0.002531 0.996930 0.078254 77.269051 0.684554 -0.058771 0.726590 -0.524847 0.000000 0.000000 0.000000 1.000000
0.729094 0.051469 -0.682476 -0.155947 0.002534 0.996959 0.077893 77.265877 0.684409 -0.058521 0.726746 -0.535367 0.000000 0.000000 0.000000 1.000000
0.729123 0.051213 -0.682464 -0.154391 0.002537 0.996987 0.077525 77.263184 0.684378 -0.058257 0.726796 -0.545734 0.000000 0.000000 0.000000 1.000000</float_array><technique_common><accessor source="#Hips-Matrix-animation-output-transform-array" count="59" stride="16"><param type="float4x4"/></accessor></technique_common></source><source id="Hips-Interpolations"><Name_array id="Hips-Interpolations-array" count="59">
 LINEAR LINEAR LINEAR LINEAR LINEAR LINEAR LINEAR LINEAR LINEAR LINEAR LINEAR
LINEAR LINEAR LINEAR LINEAR LINEAR LINEAR LINEAR LINEAR LINEAR LINEAR LINEAR LINEAR
LINEAR LINEAR LINEAR LINEAR LINEAR LINEAR LINEAR LINEAR LINEAR LINEAR LINEAR LINEAR
LINEAR LINEAR LINEAR LINEAR LINEAR LINEAR LINEAR LINEAR LINEAR LINEAR LINEAR LINEAR
LINEAR LINEAR LINEAR LINEAR LINEAR LINEAR LINEAR LINEAR LINEAR LINEAR LINEAR LINEAR</Name_array><technique_common><accessor source="#Hips-Interpolations-array" count="59"><param type="name"/></accessor></technique_common></source><sampler id="Hips-Matrix-animation-transform"><input semantic="INPUT" source="#Hips-Matrix-animation-input"/><input semantic="OUTPUT" source="#Hips-Matrix-animation-output-transform"/><input semantic="INTERPOLATION" source="#Hips-Interpolations"/></sampler><channel source="#Hips-Matrix-animation-transform" target="Hips/matrix"/></animation>
    <animation id="Pelvis-anim" name="Pelvis"><source id="Pelvis-Matrix-animation-input"><float_array id="Pelvis-Matrix-animation-input-array" count="59">

0.000000 0.033333 0.066667 0.100000 0.133333 0.166667 0.200000 0.233333 0.266667 0.300000 0.333333 0.366667 0.400000 0.433333 0.466667 0.500000
0.533333 0.566667 0.600000 0.633333 0.666667 0.700000 0.733333 0.766667 0.800000 0.833333 0.866667 0.900000 0.933333 0.966667 1.000000 1.033333
1.066667 1.100000 1.133333 1.166667 1.200000 1.233333 1.266667 1.300000 1.333333 1.366667 1.400000 1.433333 1.466667 1.500000 1.533333 1.566667
1.600000 1.633333 1.666667 1.700000 1.733333 1.766667 1.800000 1.833333 1.866667 1.900000 1.933333</float_array><technique_common><accessor source="#Pelvis-Matrix-animation-input-array" count="59"><param name="TIME" type="float"/></accessor></technique_common></source><source id="Pelvis-Matrix-animation-output-transform"><float_array id="Pelvis-Matrix-animation-output-transform-array" count="944">

1.000000 0.000000 0.000000 0.000000 0.000000 1.000000 -0.000000 0.000000 0.000000 -0.000000 1.000000 0.000000 0.000000 0.000000 0.000000 1.000000
1.000000 -0.000000 0.000000 0.000000 -0.000000 1.000000 0.000000 0.000000 0.000000 -0.000000 1.000000 0.000000 0.000000 0.000000 0.000000 1.000000
1.000000 0.000000 -0.000000 0.000000 0.000000 1.000000 0.000000 0.000000 0.000000 -0.000000 1.000000 0.000000 0.000000 0.000000 0.000000 1.000000
1.000000 -0.000000 -0.000000 0.000000 0.000000 1.000000 0.000000 0.000000 0.000000 0.000000 1.000000 0.000000 0.000000 0.000000 0.000000 1.000000
1.000000 0.000000 -0.000000 0.000000 0.000000 1.000000 -0.000000 0.000000 0.000000 -0.000000 1.000000 0.000000 0.000000 0.000000 0.000000 1.000000
1.000000 0.000000 0.000000 0.000000 -0.000000 1.000000 -0.000000 0.000000 0.000000 -0.000000 1.000000 0.000000 0.000000 0.000000 0.000000 1.000000
1.000000 0.000000 -0.000000 0.000000 -0.000000 1.000000 -0.000000 0.000000 -0.000000 0.000000 1.000000 0.000000 0.000000 0.000000 0.000000 1.000000
1.000000 0.000000 -0.000000 0.000000 -0.000000 1.000000 0.000000 0.000000 0.000000 -0.000000 1.000000 0.000000 0.000000 0.000000 0.000000 1.000000
1.000000 0.000000 0.000000 0.000000 0.000000 1.000000 0.000000 0.000000 0.000000 -0.000000 1.000000 0.000000 0.000000 0.000000 0.000000 1.000000
1.000000 -0.000000 0.000000 0.000000 0.000000 1.000000 0.000000 0.000000 0.000000 -0.000000 1.000000 0.000000 0.000000 0.000000 0.000000 1.000000
1.000000 0.000000 -0.000000 0.000000 -0.000000 1.000000 0.000000 0.000000 0.000000 0.000000 1.000000 0.000000 0.000000 0.000000 0.000000 1.000000
1.000000 0.000000 0.000000 0.000000 0.000000 1.000000 -0.000000 0.000000 0.000000 0.000000 1.000000 0.000000 0.000000 0.000000 0.000000 1.000000
1.000000 0.000000 -0.000000 0.000000 -0.000000 1.000000 0.000000 0.000000 0.000000 -0.000000 1.000000 0.000000 0.000000 0.000000 0.000000 1.000000
1.000000 -0.000000 0.000000 0.000000 0.000000 1.000000 -0.000000 0.000000 -0.000000 0.000000 1.000000 0.000000 0.000000 0.000000 0.000000 1.000000
1.000000 -0.000000 0.000000 0.000000 0.000000 1.000000 0.000000 0.000000 0.000000 0.000000 1.000000 0.000000 0.000000 0.000000 0.000000 1.000000
1.000000 0.000000 0.000000 0.000000 0.000000 1.000000 -0.000000 0.000000 0.000000 -0.000000 1.000000 0.000000 0.000000 0.000000 0.000000 1.000000
1.000000 0.000000 0.000000 0.000000 -0.000000 1.000000 -0.000000 0.000000 0.000000 0.000000 1.000000 0.000000 0.000000 0.000000 0.000000 1.000000
1.000000 -0.000000 0.000000 0.000000 0.000000 1.000000 0.000000 0.000000 0.000000 0.000000 1.000000 0.000000 0.000000 0.000000 0.000000 1.000000
1.000000 0.000000 -0.000000 0.000000 0.000000 1.000000 0.000000 0.000000 -0.000000 0.000000 1.000000 0.000000 0.000000 0.000000 0.000000 1.000000
1.000000 -0.000000 0.000000 0.000000 0.000000 1.000000 -0.000000 0.000000 0.000000 0.000000 1.000000 0.000000 0.000000 0.000000 0.000000 1.000000
1.000000 0.000000 0.000000 0.000000 0.000000 1.000000 0.000000 0.000000 0.000000 0.000000 1.000000 0.000000 0.000000 0.000000 0.000000 1.000000
1.000000 0.000000 0.000000 0.000000 0.000000 1.000000 -0.000000 0.000000 0.000000 0.000000 1.000000 0.000000 0.000000 0.000000 0.000000 1.000000
1.000000 0.000000 0.000000 0.000000 0.000000 1.000000 0.000000 0.000000 0.000000 -0.000000 1.000000 0.000000 0.000000 0.000000 0.000000 1.000000
1.000000 0.000000 -0.000000 0.000000 -0.000000 1.000000 -0.000000 0.000000 -0.000000 -0.000000 1.000000 0.000000 0.000000 0.000000 0.000000 1.000000
1.000000 0.000000 0.000000 0.000000 0.000000 1.000000 0.000000 0.000000 -0.000000 0.000000 1.000000 0.000000 0.000000 0.000000 0.000000 1.000000
1.000000 -0.000000 0.000000 0.000000 0.000000 1.000000 0.000000 0.000000 0.000000 -0.000000 1.000000 0.000000 0.000000 0.000000 0.000000 1.000000
1.000000 0.000000 0.000000 0.000000 -0.000000 1.000000 -0.000000 0.000000 -0.000000 0.000000 1.000000 0.000000 0.000000 0.000000 0.000000 1.000000
1.000000 0.000000 -0.000000 0.000000 -0.000000 1.000000 0.000000 0.000000 -0.000000 -0.000000 1.000000 0.000000 0.000000 0.000000 0.000000 1.000000
1.000000 -0.000000 0.000000 0.000000 0.000000 1.000000 0.000000 0.000000 0.000000 -0.000000 1.000000 0.000000 0.000000 0.000000 0.000000 1.000000
1.000000 0.000000 0.000000 0.000000 0.000000 1.000000 0.000000 0.000000 -0.000000 -0.000000 1.000000 0.000000 0.000000 0.000000 0.000000 1.000000
1.000000 -0.000000 0.000000 0.000000 0.000000 1.000000 0.000000 0.000000 0.000000 0.000000 1.000000 0.000000 0.000000 0.000000 0.000000 1.000000
1.000000 0.000000 -0.000000 0.000000 0.000000 1.000000 -0.000000 0.000000 0.000000 0.000000 1.000000 0.000000 0.000000 0.000000 0.000000 1.000000
1.000000 0.000000 0.000000 0.000000 0.000000 1.000000 0.000000 0.000000 -0.000000 0.000000 1.000000 0.000000 0.000000 0.000000 0.000000 1.000000
1.000000 -0.000000 0.000000 0.000000 0.000000 1.000000 -0.000000 0.000000 0.000000 0.000000 1.000000 0.000000 0.000000 0.000000 0.000000 1.000000
1.000000 0.000000 0.000000 0.000000 0.000000 1.000000 0.000000 0.000000 0.000000 -0.000000 1.000000 0.000000 0.000000 0.000000 0.000000 1.000000
1.000000 -0.000000 0.000000 0.000000 0.000000 1.000000 0.000000 0.000000 0.000000 0.000000 1.000000 0.000000 0.000000 0.000000 0.000000 1.000000
1.000000 -0.000000 0.000000 0.000000 0.000000 1.000000 0.000000 0.000000 0.000000 -0.000000 1.000000 0.000000 0.000000 0.000000 0.000000 1.000000
1.000000 -0.000000 0.000000 0.000000 0.000000 1.000000 0.000000 0.000000 -0.000000 0.000000 1.000000 0.000000 0.000000 0.000000 0.000000 1.000000
1.000000 0.000000 0.000000 0.000000 0.000000 1.000000 -0.000000 0.000000 -0.000000 -0.000000 1.000000 0.000000 0.000000 0.000000 0.000000 1.000000
1.000000 0.000000 -0.000000 0.000000 0.000000 1.000000 0.000000 0.000000 -0.000000 0.000000 1.000000 0.000000 0.000000 0.000000 0.000000 1.000000
1.000000 0.000000 0.000000 0.000000 0.000000 1.000000 0.000000 0.000000 -0.000000 -0.000000 1.000000 0.000000 0.000000 0.000000 0.000000 1.000000
1.000000 -0.000000 -0.000000 0.000000 -0.000000 1.000000 0.000000 0.000000 0.000000 -0.000000 1.000000 0.000000 0.000000 0.000000 0.000000 1.000000
1.000000 0.000000 -0.000000 0.000000 0.000000 1.000000 0.000000 0.000000 0.000000 0.000000 1.000000 0.000000 0.000000 0.000000 0.000000 1.000000
1.000000 0.000000 -0.000000 0.000000 -0.000000 1.000000 -0.000000 0.000000 -0.000000 -0.000000 1.000000 0.000000 0.000000 0.000000 0.000000 1.000000
1.000000 0.000000 -0.000000 0.000000 0.000000 1.000000 0.000000 0.000000 0.000000 0.000000 1.000000 0.000000 0.000000 0.000000 0.000000 1.000000
1.000000 0.000000 0.000000 0.000000 0.000000 1.000000 0.000000 0.000000 -0.000000 0.000000 1.000000 0.000000 0.000000 0.000000 0.000000 1.000000
1.000000 0.000000 0.000000 0.000000 0.000000 1.000000 0.000000 0.000000 0.000000 0.000000 1.000000 0.000000 0.000000 0.000000 0.000000 1.000000
1.000000 0.000000 -0.000000 0.000000 0.000000 1.000000 0.000000 0.000000 0.000000 0.000000 1.000000 0.000000 0.000000 0.000000 0.000000 1.000000
1.000000 0.000000 0.000000 0.000000 0.000000 1.000000 0.000000 0.000000 0.000000 0.000000 1.000000 0.000000 0.000000 0.000000 0.000000 1.000000
1.000000 -0.000000 0.000000 0.000000 0.000000 1.000000 0.000000 0.000000 0.000000 0.000000 1.000000 0.000000 0.000000 0.000000 0.000000 1.000000
1.000000 0.000000 -0.000000 0.000000 -0.000000 1.000000 0.000000 0.000000 -0.000000 0.000000 1.000000 0.000000 0.000000 0.000000 0.000000 1.000000
1.000000 -0.000000 0.000000 0.000000 0.000000 1.000000 0.000000 0.000000 0.000000 -0.000000 1.000000 0.000000 0.000000 0.000000 0.000000 1.000000
1.000000 -0.000000 0.000000 0.000000 -0.000000 1.000000 -0.000000 0.000000 0.000000 0.000000 1.000000 0.000000 0.000000 0.000000 0.000000 1.000000
1.000000 0.000000 0.000000 0.000000 -0.000000 1.000000 -0.000000 0.000000 0.000000 0.000000 1.000000 0.000000 0.000000 0.000000 0.000000 1.000000
1.000000 0.000000 -0.000000 0.000000 0.000000 1.000000 -0.000000 0.000000 0.000000 0.000000 1.000000 0.000000 0.000000 0.000000 0.000000 1.000000
1.000000 -0.000000 -0.000000 0.000000 -0.000000 1.000000 0.000000 0.000000 -0.000000 0.000000 1.000000 0.000000 0.000000 0.000000 0.000000 1.000000
1.000000 0.000000 -0.000000 0.000000 -0.000000 1.000000 -0.000000 0.000000 0.000000 0.000000 1.000000 0.000000 0.000000 0.000000 0.000000 1.000000
1.000000 0.000000 -0.000000 0.000000 -0.000000 1.000000 0.000000 0.000000 0.000000 0.000000 1.000000 0.000000 0.000000 0.000000 0.000000 1.000000
1.000000 0.000000 0.000000 0.000000 0.000000 1.000000 -0.000000 0.000000 0.000000 -0.000000 1.000000 0.000000 0.000000 0.000000 0.000000 1.000000</float_array><technique_common><accessor source="#Pelvis-Matrix-animation-output-transform-array" count="59" stride="16"><param type="float4x4"/></accessor></technique_common></source><source id="Pelvis-Interpolations"><Name_array id="Pelvis-Interpolations-array" count="59">
 LINEAR LINEAR LINEAR LINEAR LINEAR LINEAR LINEAR LINEAR LINEAR LINEAR LINEAR
LINEAR LINEAR LINEAR LINEAR LINEAR LINEAR LINEAR LINEAR LINEAR LINEAR LINEAR LINEAR
LINEAR LINEAR LINEAR LINEAR LINEAR LINEAR LINEAR LINEAR LINEAR LINEAR LINEAR LINEAR
LINEAR LINEAR LINEAR LINEAR LINEAR LINEAR LINEAR LINEAR LINEAR LINEAR LINEAR LINEAR
LINEAR LINEAR LINEAR LINEAR LINEAR LINEAR LINEAR LINEAR LINEAR LINEAR LINEAR LINEAR</Name_array><technique_common><accessor source="#Pelvis-Interpolations-array" count="59"><param type="name"/></accessor></technique_common></source><sampler id="Pelvis-Matrix-animation-transform"><input semantic="INPUT" source="#Pelvis-Matrix-animation-input"/><input semantic="OUTPUT" source="#Pelvis-Matrix-animation-output-transform"/><input semantic="INTERPOLATION" source="#Pelvis-Interpolations"/></sampler><channel source="#Pelvis-Matrix-animation-transform" target="Pelvis/matrix"/></animation>
    <animation id="LeftUpLeg-anim" name="LeftUpLeg"><source id="LeftUpLeg-Matrix-animation-input"><float_array id="LeftUpLeg-Matrix-animation-input-array" count="59">

0.000000 0.033333 0.066667 0.100000 0.133333 0.166667 0.200000 0.233333 0.266667 0.300000 0.333333 0.366667 0.400000 0.433333 0.466667 0.500000
0.533333 0.566667 0.600000 0.633333 0.666667 0.700000 0.733333 0.766667 0.800000 0.833333 0.866667 0.900000 0.933333 0.966667 1.000000 1.033333
1.066667 1.100000 1.133333 1.166667 1.200000 1.233333 1.266667 1.300000 1.333333 1.366667 1.400000 1.433333 1.466667 1.500000 1.533333 1.566667
1.600000 1.633333 1.666667 1.700000 1.733333 1.766667 1.800000 1.833333 1.866667 1.900000 1.933333</float_array><technique_common><accessor source="#LeftUpLeg-Matrix-animation-input-array" count="59"><param name="TIME" type="float"/></accessor></technique_common></source><source id="LeftUpLeg-Matrix-animation-output-transform"><float_array id="LeftUpLeg-Matrix-animation-output-transform-array" count="944">

0.969060 -0.225883 0.099498 8.479700 0.157199 0.875594 0.456754 -4.795500 -0.190293 -0.426981 0.884011 -0.379100 0.000000 0.000000 0.000000 1.000000
0.969052 -0.225850 0.099650 8.479700 0.157232 0.875899 0.456156 -4.795500 -0.190306 -0.426371 0.884303 -0.379100 0.000000 0.000000 0.000000 1.000000
0.969065 -0.225725 0.099810 8.479700 0.157165 0.876193 0.455616 -4.795500 -0.190296 -0.425834 0.884563 -0.379100 0.000000 0.000000 0.000000 1.000000
0.969087 -0.225592 0.099892 8.479700 0.157120 0.876467 0.455102 -4.795500 -0.190219 -0.425339 0.884818 -0.379100 0.000000 0.000000 0.000000 1.000000
0.969136 -0.225372 0.099913 8.479700 0.157022 0.876751 0.454590 -4.795500 -0.190051 -0.424871 0.885079 -0.379100 0.000000 0.000000 0.000000 1.000000
0.969172 -0.225124 0.100123 8.479700 0.156840 0.877106 0.453967 -4.795500 -0.190017 -0.424269 0.885375 -0.379100 0.000000 0.000000 0.000000 1.000000
0.969205 -0.224818 0.100489 8.479700 0.156593 0.877603 0.453091 -4.795500 -0.190053 -0.423403 0.885782 -0.379100 0.000000 0.000000 0.000000 1.000000
0.969239 -0.224466 0.100950 8.479700 0.156325 0.878255 0.451919 -4.795500 -0.190100 -0.422237 0.886328 -0.379100 0.000000 0.000000 0.000000 1.000000
0.969290 -0.224011 0.101471 8.479700 0.155975 0.879002 0.450585 -4.795500 -0.190129 -0.420921 0.886948 -0.379100 0.000000 0.000000 0.000000 1.000000
0.969391 -0.223407 0.101835 8.479700 0.155561 0.879768 0.449231 -4.795500 -0.189952 -0.419639 0.887593 -0.379100 0.000000 0.000000 0.000000 1.000000
0.969528 -0.222702 0.102071 8.479700 0.155088 0.880494 0.447971 -4.795500 -0.189637 -0.418490 0.888203 -0.379100 0.000000 0.000000 0.000000 1.000000
0.969662 -0.222009 0.102307 8.479700 0.154601 0.881157 0.446834 -4.795500 -0.189350 -0.417461 0.888748 -0.379100 0.000000 0.000000 0.000000 1.000000
0.969768 -0.221386 0.102657 8.479700 0.154097 0.881749 0.445840 -4.795500 -0.189220 -0.416542 0.889206 -0.379100 0.000000 0.000000 0.000000 1.000000
0.969859 -0.220792 0.103075 8.479700 0.153575 0.882306 0.444916 -4.795500 -0.189178 -0.415676 0.889621 -0.379100 0.000000 0.000000 0.000000 1.000000
0.969937 -0.220248 0.103499 8.479700 0.153119 0.882903 0.443888 -4.795500 -0.189145 -0.414696 0.890085 -0.379100 0.000000 0.000000 0.000000 1.000000
0.970000 -0.219773 0.103922 8.479700 0.152764 0.883572 0.442677 -4.795500 -0.189111 -0.413521 0.890639 -0.379100 0.000000 0.000000 0.000000 1.000000
0.970036 -0.219428 0.104311 8.479700 0.152568 0.884271 0.441347 -4.795500 -0.189083 -0.412208 0.891253 -0.379100 0.000000 0.000000 0.000000 1.000000
0.970051 -0.219203 0.104650 8.479700 0.152491 0.884921 0.440070 -4.795500 -0.189072 -0.410932 0.891844 -0.379100 0.000000 0.000000 0.000000 1.000000
0.970056 -0.219035 0.104948 8.479700 0.152446 0.885476 0.438967 -4.795500 -0.189078 -0.409824 0.892353 -0.379100 0.000000 0.000000 0.000000 1.000000
0.970064 -0.218869 0.105225 8.479700 0.152368 0.885932 0.438074 -4.795500 -0.189103 -0.408927 0.892759 -0.379100 0.000000 0.000000 0.000000 1.000000
0.970089 -0.218608 0.105537 8.479700 0.152140 0.886299 0.437409 -4.795500 -0.189158 -0.408270 0.893048 -0.379100 0.000000 0.000000 0.000000 1.000000
0.970130 -0.218281 0.105835 8.479700 0.151849 0.886655 0.436789 -4.795500 -0.189182 -0.407671 0.893317 -0.379100 0.000000 0.000000 0.000000 1.000000
0.970182 -0.217896 0.106151 8.479700 0.151499 0.887028 0.436153 -4.795500 -0.189195 -0.407066 0.893590 -0.379100 0.000000 0.000000 0.000000 1.000000
0.970244 -0.217453 0.106490 8.479700 0.151088 0.887412 0.435513 -4.795500 -0.189204 -0.406465 0.893861 -0.379100 0.000000 0.000000 0.000000 1.000000
0.970289 -0.217101 0.106804 8.479700 0.150756 0.887747 0.434946 -4.795500 -0.189243 -0.405921 0.894100 -0.379100 0.000000 0.000000 0.000000 1.000000
0.970300 -0.216913 0.107078 8.479700 0.150551 0.887968 0.434565 -4.795500 -0.189345 -0.405538 0.894252 -0.379100 0.000000 0.000000 0.000000 1.000000
0.970256 -0.216980 0.107348 8.479700 0.150536 0.888052 0.434399 -4.795500 -0.189586 -0.405318 0.894301 -0.379100 0.000000 0.000000 0.000000 1.000000
0.970190 -0.217177 0.107542 8.479700 0.150631 0.888026 0.434420 -4.795500 -0.189846 -0.405271 0.894267 -0.379100 0.000000 0.000000 0.000000 1.000000
0.970145 -0.217387 0.107525 8.479700 0.150796 0.887919 0.434582 -4.795500 -0.189946 -0.405393 0.894191 -0.379100 0.000000 0.000000 0.000000 1.000000
0.970108 -0.217650 0.107330 8.479700 0.151047 0.887715 0.434909 -4.795500 -0.189937 -0.405697 0.894055 -0.379100 0.000000 0.000000 0.000000 1.000000
0.970079 -0.217910 0.107059 8.479700 0.151264 0.887370 0.435538 -4.795500 -0.189909 -0.406313 0.893781 -0.379100 0.000000 0.000000 0.000000 1.000000
0.970038 -0.218227 0.106789 8.479700 0.151474 0.886890 0.436442 -4.795500 -0.189953 -0.407190 0.893372 -0.379100 0.000000 0.000000 0.000000 1.000000
0.969970 -0.218604 0.106633 8.479700 0.151662 0.886343 0.437488 -4.795500 -0.190150 -0.408178 0.892880 -0.379100 0.000000 0.000000 0.000000 1.000000
0.969903 -0.218998 0.106437 8.479700 0.151917 0.885865 0.438365 -4.795500 -0.190289 -0.409002 0.892473 -0.379100 0.000000 0.000000 0.000000 1.000000
0.969842 -0.219387 0.106189 8.479700 0.152263 0.885546 0.438890 -4.795500 -0.190322 -0.409486 0.892244 -0.379100 0.000000 0.000000 0.000000 1.000000
0.969809 -0.219637 0.105968 8.479700 0.152510 0.885329 0.439242 -4.795500 -0.190291 -0.409820 0.892097 -0.379100 0.000000 0.000000 0.000000 1.000000
0.969778 -0.219896 0.105716 8.479700 0.152770 0.885093 0.439627 -4.795500 -0.190240 -0.410190 0.891938 -0.379100 0.000000 0.000000 0.000000 1.000000
0.969749 -0.220198 0.105357 8.479700 0.153055 0.884713 0.440292 -4.795500 -0.190162 -0.410847 0.891652 -0.379100 0.000000 0.000000 0.000000 1.000000
0.969737 -0.220486 0.104858 8.479700 0.153304 0.884150 0.441336 -4.795500 -0.190019 -0.411905 0.891194 -0.379100 0.000000 0.000000 0.000000 1.000000
0.969719 -0.220791 0.104390 8.479700 0.153505 0.883470 0.442625 -4.795500 -0.189953 -0.413197 0.890610 -0.379100 0.000000 0.000000 0.000000 1.000000
0.969693 -0.221105 0.103960 8.479700 0.153715 0.882826 0.443835 -4.795500 -0.189913 -0.414404 0.890058 -0.379100 0.000000 0.000000 0.000000 1.000000
0.969657 -0.221425 0.103614 8.479700 0.153964 0.882339 0.444717 -4.795500 -0.189894 -0.415270 0.889658 -0.379100 0.000000 0.000000 0.000000 1.000000
0.969616 -0.221730 0.103347 8.479700 0.154234 0.882005 0.445285 -4.795500 -0.189886 -0.415816 0.889405 -0.379100 0.000000 0.000000 0.000000 1.000000
0.969570 -0.222040 0.103109 8.479700 0.154524 0.881733 0.445723 -4.795500 -0.189883 -0.416227 0.889213 -0.379100 0.000000 0.000000 0.000000 1.000000
0.969518 -0.222398 0.102830 8.479700 0.154845 0.881387 0.446296 -4.795500 -0.189889 -0.416769 0.888958 -0.379100 0.000000 0.000000 0.000000 1.000000
0.969450 -0.222859 0.102468 8.479700 0.155242 0.880895 0.447128 -4.795500 -0.189910 -0.417561 0.888581 -0.379100 0.000000 0.000000 0.000000 1.000000
0.969383 -0.223348 0.102043 8.479700 0.155636 0.880275 0.448212 -4.795500 -0.189933 -0.418607 0.888084 -0.379100 0.000000 0.000000 0.000000 1.000000
0.969331 -0.223765 0.101624 8.479700 0.155944 0.879625 0.449379 -4.795500 -0.189947 -0.419749 0.887542 -0.379100 0.000000 0.000000 0.000000 1.000000
0.969289 -0.224107 0.101268 8.479700 0.156182 0.879044 0.450431 -4.795500 -0.189964 -0.420781 0.887050 -0.379100 0.000000 0.000000 0.000000 1.000000
0.969252 -0.224392 0.100988 8.479700 0.156373 0.878561 0.451306 -4.795500 -0.189994 -0.421638 0.886636 -0.379100 0.000000 0.000000 0.000000 1.000000
0.969233 -0.224576 0.100761 8.479700 0.156465 0.878128 0.452116 -4.795500 -0.190015 -0.422441 0.886249 -0.379100 0.000000 0.000000 0.000000 1.000000
0.969228 -0.224692 0.100550 8.479700 0.156491 0.877714 0.452912 -4.795500 -0.190020 -0.423240 0.885867 -0.379100 0.000000 0.000000 0.000000 1.000000
0.969192 -0.224947 0.100326 8.479700 0.156666 0.877315 0.453623 -4.795500 -0.190059 -0.423930 0.885529 -0.379100 0.000000 0.000000 0.000000 1.000000
0.969158 -0.225186 0.100123 8.479700 0.156830 0.876949 0.454274 -4.795500 -0.190099 -0.424561 0.885217 -0.379100 0.000000 0.000000 0.000000 1.000000
0.969131 -0.225379 0.099951 8.479700 0.156962 0.876642 0.454821 -4.795500 -0.190129 -0.425092 0.884956 -0.379100 0.000000 0.000000 0.000000 1.000000
0.969120 -0.225482 0.099824 8.479700 0.157004 0.876377 0.455317 -4.795500 -0.190150 -0.425584 0.884716 -0.379100 0.000000 0.000000 0.000000 1.000000
0.969105 -0.225598 0.099701 8.479700 0.157064 0.876128 0.455774 -4.795500 -0.190172 -0.426034 0.884494 -0.379100 0.000000 0.000000 0.000000 1.000000
0.969092 -0.225722 0.099549 8.479700 0.157134 0.875854 0.456277 -4.795500 -0.190182 -0.426532 0.884252 -0.379100 0.000000 0.000000 0.000000 1.000000
0.969090 -0.225792 0.099414 8.479700 0.157151 0.875595 0.456768 -4.795500 -0.190181 -0.427026 0.884014 -0.379100 0.000000 0.000000 0.000000 1.000000</float_array><technique_common><accessor source="#LeftUpLeg-Matrix-animation-output-transform-array" count="59" stride="16"><param type="float4x4"/></accessor></technique_common></source><source id="LeftUpLeg-Interpolations"><Name_array id="LeftUpLeg-Interpolations-array" count="59">
 LINEAR LINEAR LINEAR LINEAR LINEAR LINEAR LINEAR LINEAR LINEAR LINEAR LINEAR
LINEAR LINEAR LINEAR LINEAR LINEAR LINEAR LINEAR LINEAR LINEAR LINEAR LINEAR LINEAR
LINEAR LINEAR LINEAR LINEAR LINEAR LINEAR LINEAR LINEAR LINEAR LINEAR LINEAR LINEAR
LINEAR LINEAR LINEAR LINEAR LINEAR LINEAR LINEAR LINEAR LINEAR LINEAR LINEAR LINEAR
LINEAR LINEAR LINEAR LINEAR LINEAR LINEAR LINEAR LINEAR LINEAR LINEAR LINEAR LINEAR</Name_array><technique_common><accessor source="#LeftUpLeg-Interpolations-array" count="59"><param type="name"/></accessor></technique_common></source><sampler id="LeftUpLeg-Matrix-animation-transform"><input semantic="INPUT" source="#LeftUpLeg-Matrix-animation-input"/><input semantic="OUTPUT" source="#LeftUpLeg-Matrix-animation-output-transform"/><input semantic="INTERPOLATION" source="#LeftUpLeg-Interpolations"/></sampler><channel source="#LeftUpLeg-Matrix-animation-transform" target="LeftUpLeg/matrix"/></animation>
    <animation id="LeftLeg-anim" name="LeftLeg"><source id="LeftLeg-Matrix-animation-input"><float_array id="LeftLeg-Matrix-animation-input-array" count="59">

0.000000 0.033333 0.066667 0.100000 0.133333 0.166667 0.200000 0.233333 0.266667 0.300000 0.333333 0.366667 0.400000 0.433333 0.466667 0.500000
0.533333 0.566667 0.600000 0.633333 0.666667 0.700000 0.733333 0.766667 0.800000 0.833333 0.866667 0.900000 0.933333 0.966667 1.000000 1.033333
1.066667 1.100000 1.133333 1.166667 1.200000 1.233333 1.266667 1.300000 1.333333 1.366667 1.400000 1.433333 1.466667 1.500000 1.533333 1.566667
1.600000 1.633333 1.666667 1.700000 1.733333 1.766667 1.800000 1.833333 1.866667 1.900000 1.933333</float_array><technique_common><accessor source="#LeftLeg-Matrix-animation-input-array" count="59"><param name="TIME" type="float"/></accessor></technique_common></source><source id="LeftLeg-Matrix-animation-output-transform"><float_array id="LeftLeg-Matrix-animation-output-transform-array" count="944">

0.971740 0.005511 -0.235991 0.485100 -0.137088 0.827040 -0.545171 -32.551498 0.192170 0.562115 0.804423 0.112900 0.000000 0.000000 0.000000 1.000000
0.971788 0.005377 -0.235795 0.485100 -0.136718 0.827483 -0.544591 -32.551498 0.192188 0.561465 0.804873 0.112900 0.000000 0.000000 0.000000 1.000000
0.971854 0.005210 -0.235526 0.485100 -0.136290 0.827904 -0.544059 -32.551498 0.192159 0.560846 0.805311 0.112900 0.000000 0.000000 0.000000 1.000000
0.971886 0.004995 -0.235399 0.485100 -0.135927 0.828250 -0.543624 -32.551498 0.192254 0.560337 0.805643 0.112900 0.000000 0.000000 0.000000 1.000000
0.971824 0.004832 -0.235657 0.485100 -0.135838 0.828547 -0.543192 -32.551498 0.192628 0.559898 0.805859 0.112900 0.000000 0.000000 0.000000 1.000000
0.971663 0.004849 -0.236320 0.485100 -0.136135 0.828802 -0.542729 -32.551498 0.193231 0.559521 0.805976 0.112900 0.000000 0.000000 0.000000 1.000000
0.971445 0.005043 -0.237212 0.485100 -0.136700 0.829058 -0.542196 -32.551498 0.193928 0.559140 0.806073 0.112900 0.000000 0.000000 0.000000 1.000000
0.971248 0.005289 -0.238013 0.485100 -0.137221 0.829411 -0.541523 -32.551498 0.194546 0.558614 0.806289 0.112900 0.000000 0.000000 0.000000 1.000000
0.971148 0.005425 -0.238416 0.485100 -0.137370 0.829943 -0.540671 -32.551498 0.194939 0.557822 0.806742 0.112900 0.000000 0.000000 0.000000 1.000000
0.971178 0.005352 -0.238294 0.485100 -0.137022 0.830576 -0.539786 -32.551498 0.195032 0.556880 0.807370 0.112900 0.000000 0.000000 0.000000 1.000000
0.971309 0.005115 -0.237765 0.485100 -0.136351 0.831108 -0.539136 -32.551498 0.194851 0.556088 0.807960 0.112900 0.000000 0.000000 0.000000 1.000000
0.971461 0.004890 -0.237150 0.485100 -0.135741 0.831358 -0.538905 -32.551498 0.194521 0.555716 0.808295 0.112900 0.000000 0.000000 0.000000 1.000000
0.971530 0.004852 -0.236868 0.485100 -0.135571 0.831308 -0.539025 -32.551498 0.194295 0.555791 0.808298 0.112900 0.000000 0.000000 0.000000 1.000000
0.971448 0.005021 -0.237201 0.485100 -0.135945 0.831157 -0.539163 -32.551498 0.194445 0.556015 0.808108 0.112900 0.000000 0.000000 0.000000 1.000000
0.971240 0.005248 -0.238044 0.485100 -0.136582 0.831197 -0.538941 -32.551498 0.195033 0.555953 0.808009 0.112900 0.000000 0.000000 0.000000 1.000000
0.971040 0.005346 -0.238856 0.485100 -0.136958 0.831632 -0.538173 -32.551498 0.195763 0.555301 0.808281 0.112900 0.000000 0.000000 0.000000 1.000000
0.970987 0.005224 -0.239074 0.485100 -0.136705 0.832411 -0.537032 -32.551498 0.196202 0.554133 0.808975 0.112900 0.000000 0.000000 0.000000 1.000000
0.971109 0.004945 -0.238584 0.485100 -0.135894 0.833299 -0.535860 -32.551498 0.196161 0.552800 0.809897 0.112900 0.000000 0.000000 0.000000 1.000000
0.971301 0.004661 -0.237810 0.485100 -0.134977 0.834035 -0.534946 -32.551498 0.195848 0.551692 0.810728 0.112900 0.000000 0.000000 0.000000 1.000000
0.971425 0.004513 -0.237303 0.485100 -0.134421 0.834478 -0.534395 -32.551498 0.195612 0.551023 0.811240 0.112900 0.000000 0.000000 0.000000 1.000000
0.971428 0.004547 -0.237292 0.485100 -0.134378 0.834659 -0.534123 -32.551498 0.195630 0.550749 0.811422 0.112900 0.000000 0.000000 0.000000 1.000000
0.971345 0.004703 -0.237628 0.485100 -0.134671 0.834709 -0.533970 -32.551498 0.195839 0.550671 0.811424 0.112900 0.000000 0.000000 0.000000 1.000000
0.971247 0.004879 -0.238024 0.485100 -0.135017 0.834749 -0.533821 -32.551498 0.196085 0.550609 0.811406 0.112900 0.000000 0.000000 0.000000 1.000000
0.971178 0.005036 -0.238304 0.485100 -0.135260 0.834854 -0.533595 -32.551498 0.196262 0.550449 0.811472 0.112900 0.000000 0.000000 0.000000 1.000000
0.971151 0.005202 -0.238407 0.485100 -0.135415 0.834957 -0.533395 -32.551498 0.196284 0.550291 0.811574 0.112900 0.000000 0.000000 0.000000 1.000000
0.971157 0.005388 -0.238378 0.485100 -0.135526 0.835025 -0.533260 -32.551498 0.196179 0.550186 0.811671 0.112900 0.000000 0.000000 0.000000 1.000000
0.971190 0.005580 -0.238241 0.485100 -0.135596 0.835053 -0.533197 -32.551498 0.195969 0.550140 0.811752 0.112900 0.000000 0.000000 0.000000 1.000000
0.971230 0.005740 -0.238076 0.485100 -0.135611 0.835120 -0.533089 -32.551498 0.195762 0.550037 0.811872 0.112900 0.000000 0.000000 0.000000 1.000000
0.971270 0.005779 -0.237910 0.485100 -0.135529 0.835181 -0.533014 -32.551498 0.195618 0.549944 0.811970 0.112900 0.000000 0.000000 0.000000 1.000000
0.971311 0.005786 -0.237743 0.485100 -0.135468 0.835112 -0.533139 -32.551498 0.195458 0.550050 0.811937 0.112900 0.000000 0.000000 0.000000 1.000000
0.971334 0.005764 -0.237647 0.485100 -0.135527 0.834748 -0.533694 -32.551498 0.195299 0.550603 0.811600 0.112900 0.000000 0.000000 0.000000 1.000000
0.971294 0.005757 -0.237813 0.485100 -0.135858 0.834056 -0.534690 -32.551498 0.195271 0.551650 0.810896 0.112900 0.000000 0.000000 0.000000 1.000000
0.971166 0.005761 -0.238336 0.485100 -0.136433 0.833252 -0.535795 -32.551498 0.195507 0.552863 0.810012 0.112900 0.000000 0.000000 0.000000 1.000000
0.970997 0.005779 -0.239021 0.485100 -0.137027 0.832685 -0.536526 -32.551498 0.195928 0.553718 0.809326 0.112900 0.000000 0.000000 0.000000 1.000000
0.970882 0.005779 -0.239489 0.485100 -0.137320 0.832589 -0.536599 -32.551498 0.196295 0.553861 0.809139 0.112900 0.000000 0.000000 0.000000 1.000000
0.970899 0.005644 -0.239423 0.485100 -0.137051 0.832936 -0.536130 -32.551498 0.196398 0.553341 0.809470 0.112900 0.000000 0.000000 0.000000 1.000000
0.971037 0.005450 -0.238869 0.485100 -0.136447 0.833336 -0.535661 -32.551498 0.196139 0.552740 0.809943 0.112900 0.000000 0.000000 0.000000 1.000000
0.971211 0.005245 -0.238163 0.485100 -0.135886 0.833349 -0.535783 -32.551498 0.195663 0.552722 0.810071 0.112900 0.000000 0.000000 0.000000 1.000000
