<?xml version="1.0" encoding="utf-8"?>
<COLLADA xmlns="http://www.collada.org/2005/11/COLLADASchema" version="1.4.1">
  <asset><contributor><author>Mixamo</author><authoring_tool>COLLADA Mixamo exporter</authoring_tool><comments></comments></contributor><created>2019-04-23T20:41:36Z</created><modified>2019-04-23T20:41:36Z</modified><revision></revision><title></title><unit meter="0.010000"/><up_axis>Y_UP</up_axis></asset>
  <library_animations>
    <animation id="Mutant_Hips-anim" name="Mutant_Hips"><source id="Mutant_Hips-Matrix-animation-input"><float_array id="Mutant_Hips-Matrix-animation-input-array" count="124">

0.000000 0.033333 0.066667 0.100000 0.133333 0.166667 0.200000 0.233333 0.266667 0.300000 0.333333 0.366667 0.400000 0.433333 0.466667 0.500000
0.533333 0.566667 0.600000 0.633333 0.666667 0.700000 0.733333 0.766667 0.800000 0.833333 0.866667 0.900000 0.933333 0.966667 1.000000 1.033333
1.066667 1.100000 1.133333 1.166667 1.200000 1.233333 1.266667 1.300000 1.333333 1.366667 1.400000 1.433333 1.466667 1.500000 1.533333 1.566667
1.600000 1.633333 1.666667 1.700000 1.733333 1.766667 1.800000 1.833333 1.866667 1.900000 1.933333 1.966667 2.000000 2.033333 2.066667 2.100000
2.133333 2.166667 2.200000 2.233333 2.266667 2.300000 2.333333 2.366667 2.400000 2.433333 2.466667 2.500000 2.533333 2.566667 2.600000 2.633333
2.666667 2.700000 2.733333 2.766667 2.800000 2.833333 2.866667 2.900000 2.933333 2.966667 3.000000 3.033333 3.066667 3.100000 3.133333 3.166667
3.200000 3.233333 3.266667 3.300000 3.333333 3.366667 3.400000 3.433333 3.466667 3.500000 3.533333 3.566667 3.600000 3.633333 3.666667 3.700000
3.733333 3.766667 3.800000 3.833333 3.866667 3.900000 3.933333 3.966667 4.000000 4.033333 4.066667 4.100000</float_array><technique_common><accessor source="#Mutant_Hips-Matrix-animation-input-array" count="124"><param name="TIME" type="float"/></accessor></technique_common></source><source id="Mutant_Hips-Matrix-animation-output-transform"><float_array id="Mutant_Hips-Matrix-animation-output-transform-array" count="1984">

0.999731 0.023131 -0.001660 0.197273 -0.023115 0.999694 0.008754 80.640152 0.001862 -0.008713 0.999960 -0.395879 0.000000 0.000000 0.000000 1.000000
0.999708 0.024076 -0.002272 0.237942 -0.024053 0.999665 0.009518 80.663040 0.002500 -0.009461 0.999952 -0.686091 0.000000 0.000000 0.000000 1.000000
0.999615 0.027722 -0.001256 0.261065 -0.027710 0.999579 0.008607 80.716835 0.001494 -0.008569 0.999962 -0.715785 0.000000 0.000000 0.000000 1.000000
0.999646 0.026623 -0.000298 0.306162 -0.026620 0.999617 0.007509 80.693649 0.000498 -0.007498 0.999972 -0.664828 0.000000 0.000000 0.000000 1.000000
0.999481 0.028358 0.015261 0.227236 -0.028368 0.999597 0.000448 80.274254 -0.015242 -0.000881 0.999883 -0.507865 0.000000 0.000000 0.000000 1.000000
0.998860 0.032420 0.035050 0.079381 -0.032436 0.999474 -0.000109 79.416122 -0.035035 -0.001028 0.999386 -0.310220 0.000000 0.000000 0.000000 1.000000
0.998111 0.033186 0.051712 -0.066651 -0.033209 0.999448 -0.000416 78.222778 -0.051697 -0.001302 0.998662 -0.052590 0.000000 0.000000 0.000000 1.000000
0.997509 0.035088 0.061197 -0.185872 -0.035017 0.999384 -0.002230 77.215782 -0.061237 0.000082 0.998123 0.234167 0.000000 0.000000 0.000000 1.000000
0.995046 0.037772 0.091960 -0.313863 -0.037376 0.999283 -0.006022 76.336258 -0.092121 0.002555 0.995744 0.527792 0.000000 0.000000 0.000000 1.000000
0.993518 0.028059 0.110155 -0.497330 -0.027393 0.999596 -0.007557 75.152901 -0.110323 0.004490 0.993886 0.801651 0.000000 0.000000 0.000000 1.000000
0.994340 0.018666 0.104595 -0.613391 -0.018079 0.999815 -0.006550 74.070755 -0.104698 0.004622 0.994493 1.056852 0.000000 0.000000 0.000000 1.000000
0.995154 0.017926 0.096683 -0.658499 -0.017612 0.999837 -0.004096 73.206589 -0.096741 0.002373 0.995307 1.278399 0.000000 0.000000 0.000000 1.000000
0.996119 0.016944 0.086374 -0.695568 -0.017147 0.999852 0.001609 72.340004 -0.086334 -0.003083 0.996261 1.454682 0.000000 0.000000 0.000000 1.000000
0.997124 0.017051 0.073844 -0.726258 -0.017802 0.999796 0.009525 71.447464 -0.073667 -0.010812 0.997224 1.600375 0.000000 0.000000 0.000000 1.000000
0.996612 0.019312 0.079948 -0.749253 -0.020839 0.999615 0.018305 70.771919 -0.079564 -0.019909 0.996631 1.717273 0.000000 0.000000 0.000000 1.000000
0.996263 0.019440 0.084151 -0.796289 -0.021958 0.999335 0.029101 70.471725 -0.083530 -0.030840 0.996028 1.782168 0.000000 0.000000 0.000000 1.000000
0.996368 0.013714 0.084046 -0.885846 -0.017310 0.998959 0.042209 70.302872 -0.083379 -0.043511 0.995568 1.794041 0.000000 0.000000 0.000000 1.000000
0.995643 0.013849 0.092211 -0.938802 -0.019049 0.998263 0.055756 70.259911 -0.091279 -0.057270 0.994177 1.751999 0.000000 0.000000 0.000000 1.000000
0.995280 0.009335 0.096600 -1.034256 -0.016250 0.997341 0.071039 70.330376 -0.095680 -0.072273 0.992785 1.644303 0.000000 0.000000 0.000000 1.000000
0.994686 0.007713 0.102670 -1.108429 -0.016943 0.995857 0.089342 70.469498 -0.101556 -0.090607 0.990695 1.445825 0.000000 0.000000 0.000000 1.000000
0.994026 0.007649 0.108874 -1.167785 -0.019828 0.993598 0.111221 70.668556 -0.107326 -0.112715 0.987814 1.140729 0.000000 0.000000 0.000000 1.000000
0.993545 0.007840 0.113166 -1.221249 -0.022649 0.991233 0.130171 70.926064 -0.111154 -0.131894 0.985012 0.767013 0.000000 0.000000 0.000000 1.000000
0.993162 0.008739 0.116421 -1.262255 -0.025916 0.988818 0.146859 71.212166 -0.113836 -0.148872 0.982282 0.319530 0.000000 0.000000 0.000000 1.000000
0.993150 0.008484 0.116542 -1.319103 -0.027919 0.985703 0.166164 71.505936 -0.113466 -0.168279 0.979187 -0.243275 0.000000 0.000000 0.000000 1.000000
0.992986 0.008696 0.117908 -1.373483 -0.031017 0.981521 0.188826 71.794609 -0.114087 -0.191159 0.974906 -0.938654 0.000000 0.000000 0.000000 1.000000
0.992653 0.010137 0.120570 -1.421148 -0.035174 0.977626 0.207390 72.067764 -0.115770 -0.210107 0.970800 -1.722233 0.000000 0.000000 0.000000 1.000000
0.992447 0.007953 0.122419 -1.500572 -0.035422 0.973970 0.223894 72.317337 -0.117452 -0.226539 0.966895 -2.610949 0.000000 0.000000 0.000000 1.000000
0.992298 0.003721 0.123818 -1.591974 -0.034349 0.968619 0.246165 72.495262 -0.119016 -0.248522 0.961287 -3.670985 0.000000 0.000000 0.000000 1.000000
0.991876 -0.003341 0.127163 -1.707779 -0.030595 0.964044 0.263974 72.621124 -0.123473 -0.265721 0.956110 -4.837257 0.000000 0.000000 0.000000 1.000000
0.990950 -0.008308 0.133977 -1.807685 -0.030849 0.957274 0.287531 72.651192 -0.130641 -0.289062 0.948354 -6.198998 0.000000 0.000000 0.000000 1.000000
0.989738 -0.013408 0.142260 -1.903122 -0.031338 0.950981 0.307657 72.580544 -0.139412 -0.308958 0.940802 -7.687214 0.000000 0.000000 0.000000 1.000000
0.988466 -0.017666 0.150408 -1.992057 -0.033449 0.943176 0.330605 72.379654 -0.147702 -0.331823 0.931707 -9.363355 0.000000 0.000000 0.000000 1.000000
0.986982 -0.021671 0.159365 -2.084316 -0.037055 0.933583 0.356440 72.044701 -0.156505 -0.357705 0.920627 -11.240725 0.000000 0.000000 0.000000 1.000000
0.985814 -0.024182 0.166092 -2.175113 -0.042015 0.922507 0.383686 71.574806 -0.162500 -0.385221 0.908404 -13.314445 0.000000 0.000000 0.000000 1.000000
0.983965 -0.027905 0.176166 -2.279833 -0.046918 0.912408 0.406585 70.980392 -0.172081 -0.408330 0.896468 -15.677023 0.000000 0.000000 0.000000 1.000000
0.982597 -0.030974 0.183148 -2.379758 -0.052143 0.900358 0.432014 70.069687 -0.178280 -0.434046 0.883074 -18.475014 0.000000 0.000000 0.000000 1.000000
0.981753 -0.034671 0.186973 -2.487927 -0.056182 0.886461 0.459381 68.661644 -0.181671 -0.461503 0.868338 -21.649132 0.000000 0.000000 0.000000 1.000000
0.980961 -0.041626 0.189692 -2.611573 -0.058711 0.867489 0.493979 66.521355 -0.185118 -0.495711 0.848529 -25.174175 0.000000 0.000000 0.000000 1.000000
0.979047 -0.048336 0.197814 -2.735619 -0.065210 0.845844 0.529430 63.475609 -0.192910 -0.531236 0.824969 -28.944506 0.000000 0.000000 0.000000 1.000000
0.976934 -0.052539 0.206979 -2.847342 -0.075828 0.820745 0.566240 59.335812 -0.199627 -0.568873 0.797830 -32.902000 0.000000 0.000000 0.000000 1.000000
0.975841 -0.057426 0.210799 -2.976875 -0.085340 0.788003 0.609728 53.637779 -0.201125 -0.612987 0.764065 -37.024971 0.000000 0.000000 0.000000 1.000000
0.974330 -0.060517 0.216839 -3.107149 -0.100543 0.744825 0.659642 46.508133 -0.201427 -0.664510 0.719621 -41.253197 0.000000 0.000000 0.000000 1.000000
0.971413 -0.070353 0.226730 -3.287061 -0.113544 0.701056 0.704009 39.944420 -0.208479 -0.709627 0.673027 -45.418968 0.000000 0.000000 0.000000 1.000000
0.969867 -0.077598 0.230947 -3.446653 -0.128145 0.643735 0.754443 33.284866 -0.207212 -0.761304 0.614394 -49.560135 0.000000 0.000000 0.000000 1.000000
0.967767 -0.079588 0.238940 -3.559075 -0.149518 0.581889 0.799406 27.060368 -0.202659 -0.809365 0.551233 -53.518158 0.000000 0.000000 0.000000 1.000000
0.966097 -0.084593 0.243928 -3.685304 -0.164216 0.527710 0.833400 21.079296 -0.199223 -0.845202 0.495927 -57.170750 0.000000 0.000000 0.000000 1.000000
0.969713 -0.077116 0.231755 -3.685532 -0.170753 0.464417 0.869000 19.564972 -0.174644 -0.882253 0.437183 -60.660179 0.000000 0.000000 0.000000 1.000000
0.975733 -0.057159 0.211371 -3.634417 -0.171536 0.400422 0.900132 22.548540 -0.136088 -0.914546 0.380901 -64.336082 0.000000 0.000000 0.000000 1.000000
0.979819 -0.040602 0.195718 -3.692510 -0.171833 0.329127 0.928520 25.616470 -0.102116 -0.943413 0.315508 -68.108734 0.000000 0.000000 0.000000 1.000000
0.979874 -0.033151 0.196843 -3.946890 -0.187734 0.182085 0.965195 28.654697 -0.067839 -0.982724 0.172197 -71.335625 0.000000 0.000000 0.000000 1.000000
0.980720 -0.029955 0.193109 -4.011064 -0.193342 -0.005060 0.981118 30.632910 -0.028412 -0.999538 -0.010754 -73.066261 0.000000 0.000000 0.000000 1.000000
0.980923 -0.029597 0.192133 -4.036665 -0.193892 -0.077654 0.977945 32.753067 -0.014025 -0.996541 -0.081911 -74.496841 0.000000 0.000000 0.000000 1.000000
0.978642 -0.043083 0.201004 -4.206717 -0.204973 -0.130042 0.970090 34.032200 -0.015655 -0.990572 -0.136096 -76.223099 0.000000 0.000000 0.000000 1.000000
0.976439 -0.066057 0.205437 -4.586903 -0.215646 -0.263207 0.940329 33.216267 -0.008043 -0.962475 -0.271250 -78.626297 0.000000 0.000000 0.000000 1.000000
0.976051 -0.070191 0.205905 -4.596315 -0.217269 -0.361741 0.906608 31.325375 0.010849 -0.929632 -0.368328 -81.162415 0.000000 0.000000 0.000000 1.000000
0.975020 -0.076108 0.208672 -4.521460 -0.221874 -0.377746 0.898933 29.263603 0.010409 -0.922776 -0.385196 -83.418343 0.000000 0.000000 0.000000 1.000000
0.973530 -0.078539 0.214643 -4.543055 -0.228442 -0.364629 0.902696 26.845507 0.007368 -0.927835 -0.372919 -85.340576 0.000000 0.000000 0.000000 1.000000
0.969923 -0.080116 0.229851 -4.597926 -0.243271 -0.351384 0.904074 24.050108 0.008335 -0.932797 -0.360305 -86.580093 0.000000 0.000000 0.000000 1.000000
0.966780 -0.081125 0.242396 -4.629668 -0.255526 -0.331146 0.908322 21.112431 0.006581 -0.940086 -0.340875 -87.314857 0.000000 0.000000 0.000000 1.000000
0.964401 -0.077957 0.252694 -4.394754 -0.264367 -0.307517 0.914081 18.193626 0.006448 -0.948344 -0.317179 -87.615807 0.000000 0.000000 0.000000 1.000000
0.964222 -0.072420 0.255011 -4.139121 -0.265071 -0.276279 0.923801 15.371771 0.003552 -0.958345 -0.285590 -87.663109 0.000000 0.000000 0.000000 1.000000
0.964613 -0.069182 0.254432 -4.019406 -0.263660 -0.244826 0.933029 15.617207 -0.002257 -0.967096 -0.254403 -87.641411 0.000000 0.000000 0.000000 1.000000
0.966059 -0.066407 0.249639 -4.024882 -0.257923 -0.194343 0.946418 16.147697 -0.014333 -0.978683 -0.204875 -87.631271 0.000000 0.000000 0.000000 1.000000
0.969686 -0.065200 0.235496 -3.929990 -0.242390 -0.134673 0.960786 16.517672 -0.030928 -0.988743 -0.146395 -87.508377 0.000000 0.000000 0.000000 1.000000
0.974125 -0.058968 0.218181 -3.866905 -0.222428 -0.078967 0.971746 16.752718 -0.040073 -0.995132 -0.090040 -87.343040 0.000000 0.000000 0.000000 1.000000
0.978253 -0.059010 0.198842 -4.112004 -0.201135 -0.035802 0.978909 16.717249 -0.050647 -0.997615 -0.046893 -87.123848 0.000000 0.000000 0.000000 1.000000
0.982145 -0.054630 0.180017 -4.287265 -0.181021 -0.013972 0.983380 16.691599 -0.051207 -0.998409 -0.023612 -86.885025 0.000000 0.000000 0.000000 1.000000
0.984573 -0.053062 0.166732 -4.349892 -0.167497 -0.010292 0.985819 16.794857 -0.050594 -0.998538 -0.019021 -86.657448 0.000000 0.000000 0.000000 1.000000
0.985972 -0.055456 0.157431 -4.499363 -0.158171 -0.009186 0.987369 16.985195 -0.053309 -0.998419 -0.017829 -86.469536 0.000000 0.000000 0.000000 1.000000
0.987297 -0.056295 0.148579 -4.693195 -0.148907 -0.001642 0.988850 17.140724 -0.055423 -0.998413 -0.010004 -86.351028 0.000000 0.000000 0.000000 1.000000
0.988222 -0.057637 0.141755 -4.851924 -0.141380 0.010568 0.989899 17.176353 -0.058552 -0.998282 0.002295 -86.312691 0.000000 0.000000 0.000000 1.000000
0.988981 -0.057600 0.136379 -4.946696 -0.135459 0.019607 0.990589 17.109564 -0.059732 -0.998147 0.011588 -86.314629 0.000000 0.000000 0.000000 1.000000
0.989489 -0.056038 0.133306 -4.971991 -0.132079 0.025061 0.990922 17.013338 -0.058870 -0.998114 0.017396 -86.319130 0.000000 0.000000 0.000000 1.000000
0.989716 -0.053953 0.132482 -4.971267 -0.131262 0.025570 0.991018 16.914598 -0.056855 -0.998216 0.018225 -86.336349 0.000000 0.000000 0.000000 1.000000
0.989676 -0.051725 0.133665 -4.946280 -0.132680 0.022055 0.990914 16.838459 -0.054203 -0.998418 0.014964 -86.365540 0.000000 0.000000 0.000000 1.000000
0.989302 -0.052296 0.136183 -4.950306 -0.135501 0.016386 0.990642 16.794901 -0.054038 -0.998497 0.009124 -86.399605 0.000000 0.000000 0.000000 1.000000
0.988770 -0.052779 0.139814 -4.931093 -0.139365 0.012111 0.990167 16.762215 -0.053953 -0.998533 0.004620 -86.433922 0.000000 0.000000 0.000000 1.000000
0.988089 -0.052195 0.144763 -4.880614 -0.144403 0.010612 0.989462 16.729153 -0.053181 -0.998581 0.002948 -86.463379 0.000000 0.000000 0.000000 1.000000
0.987491 -0.050797 0.149269 -4.785746 -0.148825 0.012445 0.988785 16.708242 -0.052085 -0.998631 0.004730 -86.485886 0.000000 0.000000 0.000000 1.000000
0.987004 -0.050272 0.152629 -4.679375 -0.152062 0.014937 0.988258 16.700932 -0.051962 -0.998624 0.007098 -86.496422 0.000000 0.000000 0.000000 1.000000
0.986501 -0.049515 0.156093 -4.592811 -0.155399 0.017576 0.987695 16.714291 -0.051650 -0.998619 0.009645 -86.499474 0.000000 0.000000 0.000000 1.000000
0.986374 -0.049508 0.156891 -4.534745 -0.156132 0.018879 0.987556 16.740013 -0.051854 -0.998595 0.010892 -86.496964 0.000000 0.000000 0.000000 1.000000
0.986254 -0.049682 0.157591 -4.509255 -0.156775 0.019925 0.987433 16.766195 -0.052198 -0.998566 0.011862 -86.503181 0.000000 0.000000 0.000000 1.000000
0.986209 -0.049719 0.157861 -4.505604 -0.156981 0.021165 0.987375 16.783293 -0.052432 -0.998539 0.013068 -86.491859 0.000000 0.000000 0.000000 1.000000
0.986222 -0.049871 0.157728 -4.523371 -0.156775 0.022505 0.987378 16.792267 -0.052792 -0.998502 0.014377 -86.485603 0.000000 0.000000 0.000000 1.000000
0.986275 -0.050030 0.157347 -4.554634 -0.156347 0.023335 0.987427 16.795082 -0.053073 -0.998475 0.015193 -86.483055 0.000000 0.000000 0.000000 1.000000
0.986399 -0.049908 0.156610 -4.584489 -0.155609 0.023364 0.987542 16.789797 -0.052945 -0.998481 0.015280 -86.486656 0.000000 0.000000 0.000000 1.000000
0.986512 -0.049617 0.155991 -4.617254 -0.155023 0.022803 0.987648 16.778568 -0.052561 -0.998508 0.014804 -86.492165 0.000000 0.000000 0.000000 1.000000
0.986601 -0.049156 0.155569 -4.642717 -0.154635 0.022295 0.987720 16.773159 -0.052021 -0.998542 0.014395 -86.498062 0.000000 0.000000 0.000000 1.000000
0.986708 -0.048621 0.155057 -4.659581 -0.154157 0.021765 0.987807 16.770576 -0.051403 -0.998580 0.013980 -86.501114 0.000000 0.000000 0.000000 1.000000
0.986838 -0.047982 0.154426 -4.664920 -0.153546 0.021547 0.987907 16.769958 -0.050729 -0.998616 0.013896 -86.501625 0.000000 0.000000 0.000000 1.000000
0.986902 -0.047719 0.154101 -4.665361 -0.153208 0.021870 0.987952 16.770592 -0.050514 -0.998621 0.014272 -86.499954 0.000000 0.000000 0.000000 1.000000
0.986921 -0.047878 0.153932 -4.663507 -0.153022 0.022144 0.987975 16.773554 -0.050711 -0.998608 0.014527 -86.497475 0.000000 0.000000 0.000000 1.000000
0.986905 -0.048118 0.153959 -4.661592 -0.153023 0.022607 0.987964 16.776920 -0.051019 -0.998586 0.014948 -86.494362 0.000000 0.000000 0.000000 1.000000
0.986873 -0.048391 0.154080 -4.662930 -0.153123 0.022918 0.987941 16.778193 -0.051338 -0.998566 0.015208 -86.490051 0.000000 0.000000 0.000000 1.000000
0.986829 -0.048518 0.154319 -4.662388 -0.153340 0.023304 0.987899 16.777420 -0.051527 -0.998550 0.015557 -86.487885 0.000000 0.000000 0.000000 1.000000
0.986797 -0.048504 0.154531 -4.661182 -0.153547 0.023414 0.987864 16.775681 -0.051534 -0.998549 0.015657 -86.487007 0.000000 0.000000 0.000000 1.000000
0.986778 -0.048436 0.154670 -4.660466 -0.153686 0.023445 0.987842 16.773014 -0.051473 -0.998551 0.015691 -86.487312 0.000000 0.000000 0.000000 1.000000
0.986754 -0.048331 0.154856 -4.659137 -0.153873 0.023468 0.987812 16.769707 -0.051376 -0.998556 0.015721 -86.488853 0.000000 0.000000 0.000000 1.000000
0.986718 -0.048195 0.155129 -4.657285 -0.154145 0.023515 0.987768 16.768862 -0.051254 -0.998561 0.015774 -86.490433 0.000000 0.000000 0.000000 1.000000
0.986689 -0.048131 0.155335 -4.656393 -0.154350 0.023577 0.987735 16.768234 -0.051203 -0.998563 0.015834 -86.490776 0.000000 0.000000 0.000000 1.000000
0.986678 -0.048098 0.155410 -4.656805 -0.154421 0.023656 0.987722 16.767687 -0.051184 -0.998562 0.015914 -86.489769 0.000000 0.000000 0.000000 1.000000
0.986690 -0.048108 0.155336 -4.656724 -0.154342 0.023750 0.987732 16.767502 -0.051207 -0.998560 0.016009 -86.489059 0.000000 0.000000 0.000000 1.000000
0.986710 -0.048214 0.155176 -4.656401 -0.154178 0.023791 0.987757 16.766502 -0.051315 -0.998554 0.016041 -86.488426 0.000000 0.000000 0.000000 1.000000
0.986746 -0.048498 0.154855 -4.654005 -0.153848 0.023869 0.987806 16.763237 -0.051603 -0.998538 0.016091 -86.487717 0.000000 0.000000 0.000000 1.000000
0.986762 -0.048592 0.154722 -4.653004 -0.153705 0.024040 0.987824 16.762266 -0.051720 -0.998529 0.016252 -86.487854 0.000000 0.000000 0.000000 1.000000
0.986778 -0.048561 0.154629 -4.654999 -0.153601 0.024250 0.987835 16.763874 -0.051720 -0.998526 0.016470 -86.488052 0.000000 0.000000 0.000000 1.000000
0.986803 -0.048535 0.154479 -4.654337 -0.153443 0.024433 0.987855 16.766193 -0.051720 -0.998523 0.016663 -86.489250 0.000000 0.000000 0.000000 1.000000
0.986810 -0.048501 0.154444 -4.655754 -0.153396 0.024657 0.987857 16.768841 -0.051720 -0.998519 0.016892 -86.489662 0.000000 0.000000 0.000000 1.000000
0.986815 -0.048475 0.154425 -4.658970 -0.153368 0.024826 0.987857 16.772585 -0.051720 -0.998516 0.017064 -86.489265 0.000000 0.000000 0.000000 1.000000
0.986816 -0.048471 0.154414 -4.662344 -0.153357 0.024851 0.987858 16.776203 -0.051720 -0.998515 0.017090 -86.489174 0.000000 0.000000 0.000000 1.000000
0.986816 -0.048473 0.154415 -4.664655 -0.153358 0.024839 0.987859 16.780291 -0.051720 -0.998516 0.017078 -86.489204 0.000000 0.000000 0.000000 1.000000
0.986815 -0.048482 0.154422 -4.665136 -0.153368 0.024777 0.987858 16.781872 -0.051720 -0.998517 0.017015 -86.489571 0.000000 0.000000 0.000000 1.000000
0.986812 -0.048511 0.154430 -4.666149 -0.153385 0.024594 0.987860 16.780909 -0.051720 -0.998520 0.016829 -86.489357 0.000000 0.000000 0.000000 1.000000
0.986809 -0.048544 0.154439 -4.666261 -0.153405 0.024377 0.987863 16.779707 -0.051720 -0.998524 0.016609 -86.489594 0.000000 0.000000 0.000000 1.000000
0.986806 -0.048544 0.154460 -4.666388 -0.153426 0.024378 0.987859 16.777939 -0.051720 -0.998524 0.016609 -86.489456 0.000000 0.000000 0.000000 1.000000
0.986803 -0.048543 0.154477 -4.666483 -0.153443 0.024379 0.987857 16.776594 -0.051720 -0.998524 0.016609 -86.489296 0.000000 0.000000 0.000000 1.000000
0.986801 -0.048543 0.154488 -4.666468 -0.153454 0.024380 0.987855 16.776161 -0.051720 -0.998524 0.016609 -86.489197 0.000000 0.000000 0.000000 1.000000
0.986801 -0.048543 0.154490 -4.667019 -0.153456 0.024380 0.987855 16.775906 -0.051720 -0.998524 0.016609 -86.489014 0.000000 0.000000 0.000000 1.000000
0.986803 -0.048543 0.154479 -4.668257 -0.153445 0.024379 0.987856 16.775162 -0.051720 -0.998524 0.016609 -86.488190 0.000000 0.000000 0.000000 1.000000
0.986807 -0.048544 0.154453 -4.668873 -0.153419 0.024378 0.987860 16.774191 -0.051720 -0.998524 0.016609 -86.487556 0.000000 0.000000 0.000000 1.000000
0.986814 -0.048545 0.154408 -4.669587 -0.153374 0.024376 0.987867 16.772099 -0.051720 -0.998524 0.016609 -86.486603 0.000000 0.000000 0.000000 1.000000
0.986835 -0.048548 0.154274 -4.668238 -0.153240 0.024369 0.987889 16.768764 -0.051720 -0.998524 0.016609 -86.485565 0.000000 0.000000 0.000000 1.000000
0.986849 -0.048551 0.154184 -4.666365 -0.153150 0.024365 0.987903 16.765354 -0.051720 -0.998524 0.016609 -86.485115 0.000000 0.000000 0.000000 1.000000</float_array><technique_common><accessor source="#Mutant_Hips-Matrix-animation-output-transform-array" count="124" stride="16"><param type="float4x4"/></accessor></technique_common></source><source id="Mutant_Hips-Interpolations"><Name_array id="Mutant_Hips-Interpolations-array" count="124">
 LINEAR LINEAR LINEAR LINEAR LINEAR LINEAR LINEAR LINEAR LINEAR LINEAR LINEAR
LINEAR LINEAR LINEAR LINEAR LINEAR LINEAR LINEAR LINEAR LINEAR LINEAR LINEAR LINEAR
LINEAR LINEAR LINEAR LINEAR LINEAR LINEAR LINEAR LINEAR LINEAR LINEAR LINEAR LINEAR
LINEAR LINEAR LINEAR LINEAR LINEAR LINEAR LINEAR LINEAR LINEAR LINEAR LINEAR LINEAR
LINEAR LINEAR LINEAR LINEAR LINEAR LINEAR LINEAR LINEAR LINEAR LINEAR LINEAR LINEAR
LINEAR LINEAR LINEAR LINEAR LINEAR LINEAR LINEAR LINEAR LINEAR LINEAR LINEAR LINEAR
LINEAR LINEAR LINEAR LINEAR LINEAR LINEAR LINEAR LINEAR LINEAR LINEAR LINEAR LINEAR
LINEAR LINEAR LINEAR LINEAR LINEAR LINEAR LINEAR LINEAR LINEAR LINEAR LINEAR LINEAR
LINEAR LINEAR LINEAR LINEAR LINEAR LINEAR LINEAR LINEAR LINEAR LINEAR LINEAR LINEAR
LINEAR LINEAR LINEAR LINEAR LINEAR LINEAR LINEAR LINEAR LINEAR LINEAR LINEAR LINEAR
LINEAR LINEAR LINEAR LINEAR LINEAR</Name_array><technique_common><accessor source="#Mutant_Hips-Interpolations-array" count="124"><param type="name"/></accessor></technique_common></source><sampler id="Mutant_Hips-Matrix-animation-transform"><input semantic="INPUT" source="#Mutant_Hips-Matrix-animation-input"/><input semantic="OUTPUT" source="#Mutant_Hips-Matrix-animation-output-transform"/><input semantic="INTERPOLATION" source="#Mutant_Hips-Interpolations"/></sampler><channel source="#Mutant_Hips-Matrix-animation-transform" target="Mutant_Hips/matrix"/></animation>
    <animation id="Mutant_Spine-anim" name="Mutant_Spine"><source id="Mutant_Spine-Matrix-animation-input"><float_array id="Mutant_Spine-Matrix-animation-input-array" count="124">

0.000000 0.033333 0.066667 0.100000 0.133333 0.166667 0.200000 0.233333 0.266667 0.300000 0.333333 0.366667 0.400000 0.433333 0.466667 0.500000
0.533333 0.566667 0.600000 0.633333 0.666667 0.700000 0.733333 0.766667 0.800000 0.833333 0.866667 0.900000 0.933333 0.966667 1.000000 1.033333
1.066667 1.100000 1.133333 1.166667 1.200000 1.233333 1.266667 1.300000 1.333333 1.366667 1.400000 1.433333 1.466667 1.500000 1.533333 1.566667
1.600000 1.633333 1.666667 1.700000 1.733333 1.766667 1.800000 1.833333 1.866667 1.900000 1.933333 1.966667 2.000000 2.033333 2.066667 2.100000
2.133333 2.166667 2.200000 2.233333 2.266667 2.300000 2.333333 2.366667 2.400000 2.433333 2.466667 2.500000 2.533333 2.566667 2.600000 2.633333
2.666667 2.700000 2.733333 2.766667 2.800000 2.833333 2.866667 2.900000 2.933333 2.966667 3.000000 3.033333 3.066667 3.100000 3.133333 3.166667
3.200000 3.233333 3.266667 3.300000 3.333333 3.366667 3.400000 3.433333 3.466667 3.500000 3.533333 3.566667 3.600000 3.633333 3.666667 3.700000
3.733333 3.766667 3.800000 3.833333 3.866667 3.900000 3.933333 3.966667 4.000000 4.033333 4.066667 4.100000</float_array><technique_common><accessor source="#Mutant_Spine-Matrix-animation-input-array" count="124"><param name="TIME" type="float"/></accessor></technique_common></source><source id="Mutant_Spine-Matrix-animation-output-transform"><float_array id="Mutant_Spine-Matrix-animation-output-transform-array" count="1984">

0.999961 -0.007200 0.005042 0.000000 0.008332 0.959202 -0.282598 10.763900 -0.002802 0.282630 0.959225 1.243500 0.000000 0.000000 0.000000 1.000000
0.999964 -0.007400 0.004070 0.000000 0.008238 0.960900 -0.276772 10.763900 -0.001862 0.276796 0.960927 1.243500 0.000000 0.000000 0.000000 1.000000
0.999967 -0.007468 0.003128 0.000000 0.008036 0.962534 -0.271041 10.763900 -0.000987 0.271057 0.962563 1.243500 0.000000 0.000000 0.000000 1.000000
0.999967 -0.007593 0.002964 -0.000000 0.008110 0.963505 -0.267569 10.763900 -0.000824 0.267584 0.963534 1.243500 0.000000 0.000000 0.000000 1.000000
0.999954 -0.008724 0.004050 0.000000 0.009495 0.962580 -0.270831 10.763900 -0.001536 0.270857 0.962618 1.243500 0.000000 0.000000 0.000000 1.000000
0.999911 -0.011076 0.007382 0.000000 0.012723 0.958277 -0.285557 10.763900 -0.003911 0.285626 0.958333 1.243500 0.000000 0.000000 0.000000 1.000000
0.999799 -0.014916 0.013360 0.000000 0.018273 0.952505 -0.303974 10.763900 -0.008192 0.304158 0.952587 1.243500 0.000000 0.000000 0.000000 1.000000
0.999610 -0.020841 0.018573 0.000000 0.025632 0.948767 -0.314936 10.763900 -0.011058 0.315289 0.948931 1.243500 0.000000 0.000000 0.000000 1.000000
0.999303 -0.031248 0.020400 -0.000000 0.036126 0.947088 -0.318936 10.763900 -0.009354 0.319450 0.947557 1.243500 0.000000 0.000000 0.000000 1.000000
0.998841 -0.041662 0.024082 0.000000 0.047202 0.945594 -0.321908 10.763900 -0.009360 0.322672 0.946465 1.243500 0.000000 0.000000 0.000000 1.000000
0.998259 -0.048946 0.032911 0.000000 0.056898 0.946155 -0.318674 10.763900 -0.015541 0.319991 0.947293 1.243500 0.000000 0.000000 0.000000 1.000000
0.997776 -0.052670 0.040858 0.000000 0.062711 0.949494 -0.307455 10.763900 -0.022601 0.309334 0.950685 1.243500 0.000000 0.000000 0.000000 1.000000
0.997553 -0.053134 0.045445 0.000000 0.064176 0.953787 -0.293551 10.763900 -0.027747 0.295750 0.954862 1.243500 0.000000 0.000000 0.000000 1.000000
0.997429 -0.052858 0.048384 0.000000 0.064299 0.958232 -0.278671 10.763900 -0.031633 0.281065 0.959167 1.243500 0.000000 0.000000 0.000000 1.000000
0.997376 -0.056447 0.045332 0.000000 0.066453 0.962269 -0.263862 10.763900 -0.028727 0.266182 0.963495 1.243500 0.000000 0.000000 0.000000 1.000000
0.997314 -0.058483 0.044096 0.000000 0.067712 0.965700 -0.250675 10.763900 -0.027924 0.252988 0.967066 1.243500 0.000000 0.000000 0.000000 1.000000
0.997272 -0.057616 0.046142 0.000000 0.067001 0.968879 -0.238295 10.763900 -0.030976 0.240737 0.970096 1.243500 0.000000 0.000000 0.000000 1.000000
0.997089 -0.061080 0.045633 0.000000 0.069853 0.971694 -0.225681 10.763900 -0.030557 0.228211 0.973132 1.243500 0.000000 0.000000 0.000000 1.000000
0.997109 -0.060109 0.046482 0.000000 0.068766 0.974085 -0.215474 10.763900 -0.032326 0.218048 0.975403 1.243500 0.000000 0.000000 0.000000 1.000000
0.997077 -0.060497 0.046674 0.000000 0.068980 0.975417 -0.209294 10.763900 -0.032865 0.211901 0.976738 1.243500 0.000000 0.000000 0.000000 1.000000
0.996975 -0.062229 0.046558 -0.000000 0.070635 0.975393 -0.208852 10.763900 -0.032416 0.211508 0.976838 1.243500 0.000000 0.000000 0.000000 1.000000
0.996893 -0.063823 0.046157 0.000000 0.072094 0.975389 -0.208374 10.763900 -0.031722 0.211054 0.976960 1.243500 0.000000 0.000000 0.000000 1.000000
0.996828 -0.065289 0.045513 0.000000 0.073309 0.975860 -0.205724 10.763900 -0.030983 0.208407 0.977551 1.243500 0.000000 0.000000 0.000000 1.000000
0.996779 -0.065635 0.046080 -0.000000 0.073751 0.975924 -0.205266 10.763900 -0.031498 0.208003 0.977621 1.243500 0.000000 0.000000 0.000000 1.000000
0.996701 -0.066552 0.046459 0.000000 0.074796 0.975397 -0.207379 10.763900 -0.031514 0.210170 0.977157 1.243500 0.000000 0.000000 0.000000 1.000000
0.996616 -0.068010 0.046171 0.000000 0.076167 0.975254 -0.207551 10.763900 -0.030913 0.210366 0.977134 1.243500 0.000000 0.000000 0.000000 1.000000
0.996653 -0.067002 0.046834 -0.000000 0.075301 0.975447 -0.206963 10.763900 -0.031817 0.209797 0.977227 1.243500 0.000000 0.000000 0.000000 1.000000
0.996705 -0.065136 0.048341 0.000000 0.073897 0.974898 -0.210030 10.763900 -0.033447 0.212910 0.976499 1.243500 0.000000 0.000000 0.000000 1.000000
0.996858 -0.061519 0.049891 -0.000000 0.070716 0.974981 -0.210740 10.763900 -0.035679 0.213606 0.976268 1.243500 0.000000 0.000000 0.000000 1.000000
0.996916 -0.060087 0.050481 0.000000 0.069602 0.974121 -0.215042 10.763900 -0.036253 0.217893 0.975299 1.243500 0.000000 0.000000 0.000000 1.000000
0.996991 -0.058649 0.050681 0.000000 0.068324 0.973724 -0.217242 10.763900 -0.036608 0.220051 0.974801 1.243500 0.000000 0.000000 0.000000 1.000000
0.997010 -0.058083 0.050967 0.000000 0.067981 0.972875 -0.221119 10.763900 -0.036742 0.223923 0.973914 1.243500 0.000000 0.000000 0.000000 1.000000
0.997046 -0.057489 0.050943 0.000000 0.067399 0.972895 -0.221208 10.763900 -0.036845 0.223988 0.973895 1.243500 0.000000 0.000000 0.000000 1.000000
0.997057 -0.056851 0.051430 0.000000 0.066873 0.973004 -0.220887 10.763900 -0.037484 0.223677 0.973942 1.243500 0.000000 0.000000 0.000000 1.000000
0.997085 -0.056207 0.051591 0.000000 0.066165 0.973724 -0.217909 10.763900 -0.037988 0.220687 0.974605 1.243500 0.000000 0.000000 0.000000 1.000000
0.997103 -0.055065 0.052471 0.000000 0.065229 0.973869 -0.217542 10.763900 -0.039121 0.220335 0.974640 1.243500 0.000000 0.000000 0.000000 1.000000
0.997119 -0.052918 0.054346 -0.000000 0.063549 0.973963 -0.217619 10.763900 -0.041415 0.220446 0.974520 1.243500 0.000000 0.000000 0.000000 1.000000
0.997059 -0.051299 0.056933 0.000000 0.062568 0.973893 -0.218214 10.763900 -0.044253 0.221135 0.974239 1.243500 0.000000 0.000000 0.000000 1.000000
0.996926 -0.052520 0.058132 -0.000000 0.063988 0.973984 -0.217394 10.763900 -0.045202 0.220446 0.974351 1.243500 0.000000 0.000000 0.000000 1.000000
0.996680 -0.055959 0.059144 0.000000 0.067501 0.974082 -0.215887 10.763900 -0.045530 0.219163 0.974625 1.243500 0.000000 0.000000 0.000000 1.000000
0.996324 -0.060262 0.060884 0.000000 0.072043 0.973973 -0.214909 10.763900 -0.046349 0.218505 0.974734 1.243500 0.000000 0.000000 0.000000 1.000000
0.996153 -0.063549 0.060346 0.000000 0.075099 0.973930 -0.214056 10.763900 -0.045169 0.217764 0.974956 1.243500 0.000000 0.000000 0.000000 1.000000
0.995963 -0.067845 0.058777 0.000000 0.078846 0.974184 -0.211540 10.763900 -0.042907 0.215320 0.975600 1.243500 0.000000 0.000000 0.000000 1.000000
0.995919 -0.070829 0.055929 -0.000000 0.080880 0.975433 -0.204914 10.763900 -0.040041 0.208601 0.977181 1.243500 0.000000 0.000000 0.000000 1.000000
0.995950 -0.074813 0.049866 -0.000000 0.083064 0.977897 -0.191880 10.763900 -0.034409 0.195245 0.980151 1.243500 0.000000 0.000000 0.000000 1.000000
0.995753 -0.078247 0.048519 0.000000 0.085613 0.980788 -0.175289 10.763900 -0.033871 0.178698 0.983321 1.243500 0.000000 0.000000 0.000000 1.000000
0.995880 -0.079568 0.043490 -0.000000 0.085252 0.984991 -0.150080 10.763900 -0.030896 0.153170 0.987717 1.243500 0.000000 0.000000 0.000000 1.000000
0.996057 -0.080724 0.036787 0.000000 0.084849 0.987941 -0.129513 10.763900 -0.025889 0.132124 0.990895 1.243500 0.000000 0.000000 0.000000 1.000000
0.996296 -0.080797 0.029443 0.000000 0.083972 0.987884 -0.130515 10.763900 -0.018541 0.132504 0.991009 1.243500 0.000000 0.000000 0.000000 1.000000
0.996353 -0.083205 0.018915 0.000000 0.085085 0.985515 -0.146700 10.763900 -0.006435 0.147774 0.989000 1.243500 0.000000 0.000000 0.000000 1.000000
0.997090 -0.075452 0.010854 0.000000 0.076225 0.985505 -0.151559 10.763900 0.000738 0.151946 0.988389 1.243500 0.000000 0.000000 0.000000 1.000000
0.999179 -0.038586 -0.012347 0.000000 0.037673 0.997030 -0.067169 10.763900 0.014902 0.066649 0.997665 1.243500 0.000000 0.000000 0.000000 1.000000
0.999737 -0.006267 -0.022042 0.000000 0.006406 0.999960 0.006234 10.763900 0.022002 -0.006374 0.999738 1.243500 0.000000 0.000000 0.000000 1.000000
0.999914 0.004645 -0.012225 0.000000 -0.004797 0.999910 -0.012510 10.763900 0.012166 0.012567 0.999847 1.243500 0.000000 0.000000 0.000000 1.000000
0.999927 -0.006756 -0.009987 0.000000 0.005822 0.995851 -0.090811 10.763900 0.010559 0.090746 0.995818 1.243500 0.000000 0.000000 0.000000 1.000000
0.999491 -0.030434 -0.009545 0.000000 0.028124 0.982075 -0.186378 10.763900 0.015046 0.186015 0.982432 1.243500 0.000000 0.000000 0.000000 1.000000
0.998897 -0.046833 -0.003469 0.000000 0.044277 0.963847 -0.262753 10.763900 0.015649 0.262309 0.964857 1.243500 0.000000 0.000000 0.000000 1.000000
0.998347 -0.057438 0.001797 -0.000000 0.055254 0.950844 -0.304702 10.763900 0.015793 0.304297 0.952446 1.243500 0.000000 0.000000 0.000000 1.000000
0.998434 -0.055790 0.004227 0.000000 0.054364 0.949507 -0.309000 10.763900 0.013226 0.308745 0.951053 1.243500 0.000000 0.000000 0.000000 1.000000
0.998632 -0.051938 0.006112 0.000000 0.051401 0.953270 -0.297715 10.763900 0.009636 0.297621 0.954635 1.243500 0.000000 0.000000 0.000000 1.000000
0.998992 -0.044423 0.006411 0.000000 0.044424 0.958278 -0.282365 10.763900 0.006400 0.282365 0.959286 1.243500 0.000000 0.000000 0.000000 1.000000
0.999652 -0.026289 0.002015 0.000000 0.025973 0.968754 -0.246659 10.763900 0.004532 0.246626 0.969100 1.243500 0.000000 0.000000 0.000000 1.000000
0.999944 -0.009336 -0.005073 0.000000 0.008180 0.981110 -0.193280 10.763900 0.006782 0.193227 0.981131 1.243500 0.000000 0.000000 0.000000 1.000000
0.999892 0.008765 -0.011832 0.000000 -0.010314 0.990386 -0.137946 10.763900 0.010510 0.138053 0.990369 1.243500 0.000000 0.000000 0.000000 1.000000
0.999721 0.017057 -0.016343 0.000000 -0.018476 0.995678 -0.091014 10.763900 0.014720 0.091290 0.995716 1.243500 0.000000 0.000000 0.000000 1.000000
0.999418 0.030001 -0.016234 0.000000 -0.030948 0.997621 -0.061601 10.763900 0.014348 0.062067 0.997969 1.243500 0.000000 0.000000 0.000000 1.000000
0.999135 0.039255 -0.013746 -0.000000 -0.039879 0.998025 -0.048543 10.763900 0.011814 0.049049 0.998726 1.243500 0.000000 0.000000 0.000000 1.000000
0.999096 0.041008 -0.011245 0.000000 -0.041477 0.998116 -0.045217 10.763900 0.009370 0.045642 0.998914 1.243500 0.000000 0.000000 0.000000 1.000000
0.999056 0.042326 -0.009825 0.000000 -0.042723 0.998091 -0.044595 10.763900 0.007919 0.044972 0.998957 1.243500 0.000000 0.000000 0.000000 1.000000
0.998925 0.045510 -0.008848 0.000000 -0.045846 0.998048 -0.042407 10.763900 0.006901 0.042767 0.999061 1.243500 0.000000 0.000000 0.000000 1.000000
0.998740 0.049639 -0.007377 0.000000 -0.049886 0.998024 -0.038213 10.763900 0.005465 0.038533 0.999242 1.243500 0.000000 0.000000 0.000000 1.000000
0.998610 0.052419 -0.005442 -0.000000 -0.052577 0.998007 -0.034903 10.763900 0.003602 0.035140 0.999376 1.243500 0.000000 0.000000 0.000000 1.000000
0.998641 0.051994 -0.003547 0.000000 -0.052084 0.998073 -0.033730 10.763900 0.001786 0.033869 0.999425 1.243500 0.000000 0.000000 0.000000 1.000000
0.998750 0.049944 -0.002074 -0.000000 -0.049986 0.998161 -0.034295 10.763900 0.000358 0.034356 0.999410 1.243500 0.000000 0.000000 0.000000 1.000000
0.998874 0.047427 -0.001181 0.000000 -0.047439 0.998236 -0.035694 10.763900 -0.000514 0.035710 0.999362 1.243500 0.000000 0.000000 0.000000 1.000000
0.998895 0.046980 -0.000957 0.000000 -0.046983 0.998199 -0.037304 10.763900 -0.000797 0.037307 0.999304 1.243500 0.000000 0.000000 0.000000 1.000000
0.998922 0.046395 -0.001400 -0.000000 -0.046414 0.998166 -0.038872 10.763900 -0.000406 0.038895 0.999243 1.243500 0.000000 0.000000 0.000000 1.000000
0.999013 0.044350 -0.002337 0.000000 -0.044408 0.998207 -0.040130 10.763900 0.000553 0.040194 0.999192 1.243500 0.000000 0.000000 0.000000 1.000000
0.999139 0.041348 -0.003388 0.000000 -0.041452 0.998309 -0.040766 10.763900 0.001697 0.040871 0.999163 1.243500 0.000000 0.000000 0.000000 1.000000
0.999232 0.038939 -0.004285 0.000000 -0.039081 0.998414 -0.040527 10.763900 0.002700 0.040664 0.999169 1.243500 0.000000 0.000000 0.000000 1.000000
0.999300 0.037113 -0.004753 0.000000 -0.037274 0.998503 -0.040041 10.763900 0.003260 0.040190 0.999187 1.243500 0.000000 0.000000 0.000000 1.000000
0.999310 0.036803 -0.005006 0.000000 -0.036972 0.998548 -0.039185 10.763900 0.003557 0.039343 0.999219 1.243500 0.000000 0.000000 0.000000 1.000000
0.999303 0.036981 -0.005099 0.000000 -0.037151 0.998563 -0.038616 10.763900 0.003664 0.038779 0.999241 1.243500 0.000000 0.000000 0.000000 1.000000
0.999291 0.037297 -0.005140 0.000000 -0.037466 0.998571 -0.038121 10.763900 0.003711 0.038287 0.999260 1.243500 0.000000 0.000000 0.000000 1.000000
0.999271 0.037831 -0.005166 0.000000 -0.037999 0.998568 -0.037661 10.763900 0.003734 0.037830 0.999277 1.243500 0.000000 0.000000 0.000000 1.000000
0.999253 0.038302 -0.005176 0.000000 -0.038469 0.998560 -0.037394 10.763900 0.003736 0.037565 0.999287 1.243500 0.000000 0.000000 0.000000 1.000000
0.999245 0.038498 -0.005172 -0.000000 -0.038665 0.998551 -0.037424 10.763900 0.003724 0.037595 0.999286 1.243500 0.000000 0.000000 0.000000 1.000000
0.999244 0.038544 -0.005159 0.000000 -0.038712 0.998540 -0.037670 10.763900 0.003699 0.037841 0.999277 1.243500 0.000000 0.000000 0.000000 1.000000
0.999251 0.038362 -0.005132 -0.000000 -0.038530 0.998538 -0.037917 10.763900 0.003670 0.038086 0.999268 1.243500 0.000000 0.000000 0.000000 1.000000
0.999254 0.038273 -0.005098 -0.000000 -0.038439 0.998541 -0.037919 10.763900 0.003639 0.038086 0.999268 1.243500 0.000000 0.000000 0.000000 1.000000
0.999254 0.038274 -0.005071 0.000000 -0.038439 0.998541 -0.037919 10.763900 0.003612 0.038086 0.999268 1.243500 0.000000 0.000000 0.000000 1.000000
0.999254 0.038275 -0.005052 0.000000 -0.038439 0.998541 -0.037920 10.763900 0.003593 0.038086 0.999268 1.243500 0.000000 0.000000 0.000000 1.000000
0.999255 0.038275 -0.005045 0.000000 -0.038439 0.998541 -0.037920 10.763900 0.003587 0.038086 0.999268 1.243500 0.000000 0.000000 0.000000 1.000000
0.999254 0.038274 -0.005057 -0.000000 -0.038439 0.998541 -0.037920 10.763900 0.003598 0.038086 0.999268 1.243500 0.000000 0.000000 0.000000 1.000000
0.999254 0.038273 -0.005090 0.000000 -0.038439 0.998541 -0.037919 10.763900 0.003632 0.038086 0.999268 1.243500 0.000000 0.000000 0.000000 1.000000
0.999254 0.038271 -0.005151 0.000000 -0.038439 0.998541 -0.037916 10.763900 0.003692 0.038086 0.999268 1.243500 0.000000 0.000000 0.000000 1.000000
0.999254 0.038266 -0.005281 0.000000 -0.038439 0.998542 -0.037911 10.763900 0.003823 0.038086 0.999267 1.243500 0.000000 0.000000 0.000000 1.000000
0.999253 0.038259 -0.005468 0.000000 -0.038439 0.998542 -0.037904 10.763900 0.004010 0.038086 0.999266 1.243500 0.000000 0.000000 0.000000 1.000000
0.999252 0.038251 -0.005678 0.000000 -0.038439 0.998542 -0.037896 10.763900 0.004221 0.038086 0.999266 1.243500 0.000000 0.000000 0.000000 1.000000
0.999251 0.038243 -0.005892 0.000000 -0.038439 0.998542 -0.037886 10.763900 0.004435 0.038084 0.999265 1.243500 0.000000 0.000000 0.000000 1.000000
0.999251 0.038243 -0.005892 0.000000 -0.038439 0.998542 -0.037888 10.763900 0.004435 0.038086 0.999265 1.243500 0.000000 0.000000 0.000000 1.000000
0.999251 0.038243 -0.005892 0.000000 -0.038439 0.998542 -0.037888 10.763900 0.004435 0.038086 0.999265 1.243500 0.000000 0.000000 0.000000 1.000000
0.999251 0.038243 -0.005892 0.000000 -0.038439 0.998542 -0.037888 10.763900 0.004435 0.038086 0.999265 1.243500 0.000000 0.000000 0.000000 1.000000
0.999251 0.038242 -0.005892 0.000000 -0.038439 0.998542 -0.037888 10.763900 0.004435 0.038086 0.999265 1.243500 0.000000 0.000000 0.000000 1.000000
0.999251 0.038243 -0.005892 0.000000 -0.038439 0.998542 -0.037888 10.763900 0.004435 0.038086 0.999265 1.243500 0.000000 0.000000 0.000000 1.000000
0.999251 0.038243 -0.005892 0.000000 -0.038439 0.998542 -0.037888 10.763900 0.004435 0.038086 0.999265 1.243500 0.000000 0.000000 0.000000 1.000000
