<?xml version="1.0" encoding="utf-8"?>
<COLLADA xmlns="http://www.collada.org/2005/11/COLLADASchema" version="1.4.1">
  <asset><contributor><author>Mixamo</author><authoring_tool>COLLADA Mixamo exporter</authoring_tool><comments></comments></contributor><created>2019-04-24T14:53:24Z</created><modified>2019-04-24T14:53:24Z</modified><revision></revision><title></title><unit meter="0.010000"/><up_axis>Y_UP</up_axis></asset>
  <library_animations>
    <animation id="Hips-anim" name="Hips"><source id="Hips-Matrix-animation-input"><float_array id="Hips-Matrix-animation-input-array" count="31">

0.000000 0.033333 0.066667 0.100000 0.133333 0.166667 0.200000 0.233333 0.266667 0.300000 0.333333 0.366667 0.400000 0.433333 0.466667 0.500000
0.533333 0.566667 0.600000 0.633333 0.666667 0.700000 0.733333 0.766667 0.800000 0.833333 0.866667 0.900000 0.933333 0.966667 1.000000</float_array><technique_common><accessor source="#Hips-Matrix-animation-input-array" count="31"><param name="TIME" type="float"/></accessor></technique_common></source><source id="Hips-Matrix-animation-output-transform"><float_array id="Hips-Matrix-animation-output-transform-array" count="496">

0.998006 0.041086 0.047911 -0.087727 -0.040274 0.999030 -0.017790 80.917534 -0.048595 0.015825 0.998693 0.481289 0.000000 0.000000 0.000000 1.000000
0.999000 0.038072 0.023427 -0.205078 -0.037660 0.999132 -0.017790 81.541519 -0.024084 0.016890 0.999567 0.278160 0.000000 0.000000 0.000000 1.000000
0.999254 0.038488 0.003131 -0.292753 -0.038436 0.999141 -0.015497 81.697609 -0.003725 0.015365 0.999875 -0.035113 0.000000 0.000000 0.000000 1.000000
0.999192 0.038658 -0.010996 -0.323641 -0.038788 0.999177 -0.011842 81.451408 0.010529 0.012259 0.999869 -0.209963 0.000000 0.000000 0.000000 1.000000
0.999108 0.036378 -0.021457 -0.343485 -0.036600 0.999279 -0.010065 80.912300 0.021075 0.010841 0.999719 -0.538741 0.000000 0.000000 0.000000 1.000000
0.998926 0.032916 -0.032602 -0.302246 -0.033309 0.999378 -0.011569 80.175468 0.032201 0.012642 0.999401 -0.908180 0.000000 0.000000 0.000000 1.000000
0.998427 0.031712 -0.046230 -0.169134 -0.032373 0.999383 -0.013608 79.298462 0.045770 0.015083 0.998838 -1.078589 0.000000 0.000000 0.000000 1.000000
0.997731 0.031336 -0.059590 0.072327 -0.032168 0.999397 -0.013039 78.262016 0.059146 0.014926 0.998138 -0.768039 0.000000 0.000000 0.000000 1.000000
0.997193 0.028176 -0.069369 0.510097 -0.029092 0.999502 -0.012226 77.153656 0.068990 0.014210 0.997516 0.013560 0.000000 0.000000 0.000000 1.000000
0.997035 0.019374 -0.074475 0.915578 -0.020674 0.999646 -0.016732 76.476685 0.074125 0.018222 0.997082 0.825803 0.000000 0.000000 0.000000 1.000000
0.997278 0.005167 -0.073546 1.365303 -0.007041 0.999656 -0.025248 75.987968 0.073391 0.025697 0.996972 1.238493 0.000000 0.000000 0.000000 1.000000
0.997756 -0.008806 -0.066379 1.739929 0.006877 0.999549 -0.029225 75.893814 0.066606 0.028703 0.997366 1.144332 0.000000 0.000000 0.000000 1.000000
0.998228 -0.014819 -0.057627 2.157511 0.013385 0.999593 -0.025198 76.778999 0.057977 0.024383 0.998020 1.067642 0.000000 0.000000 0.000000 1.000000
0.998744 -0.011153 -0.048846 2.462083 0.010269 0.999780 -0.018303 78.261131 0.049039 0.017779 0.998639 1.079433 0.000000 0.000000 0.000000 1.000000
0.999448 -0.000366 -0.033214 2.683548 -0.000111 0.999897 -0.014346 79.751114 0.033216 0.014342 0.999345 0.923962 0.000000 0.000000 0.000000 1.000000
0.999925 0.011143 -0.005057 2.862220 -0.011222 0.999810 -0.015908 81.076447 0.004879 0.015963 0.999861 0.855463 0.000000 0.000000 0.000000 1.000000
0.999431 0.014772 0.030315 2.976971 -0.014106 0.999657 -0.022057 81.875916 -0.030631 0.021617 0.999297 0.466910 0.000000 0.000000 0.000000 1.000000
0.998093 0.008766 0.061101 3.034220 -0.007024 0.999564 -0.028670 81.974167 -0.061326 0.028186 0.997720 -0.080456 0.000000 0.000000 0.000000 1.000000
0.996749 -0.001517 0.080552 3.072531 0.004118 0.999475 -0.032141 81.553940 -0.080461 0.032368 0.996232 -0.390526 0.000000 0.000000 0.000000 1.000000
0.995741 -0.010127 0.091632 3.120000 0.013154 0.999386 -0.032485 80.733910 -0.091246 0.033552 0.995263 -0.631350 0.000000 0.000000 0.000000 1.000000
0.994713 -0.015923 0.101447 3.106269 0.019270 0.999299 -0.032104 79.754814 -0.100865 0.033889 0.994323 -0.939600 0.000000 0.000000 0.000000 1.000000
0.993137 -0.020282 0.115188 3.041563 0.024223 0.999165 -0.032917 78.544106 -0.114425 0.035481 0.992798 -1.025075 0.000000 0.000000 0.000000 1.000000
0.991101 -0.021413 0.131379 2.819838 0.026284 0.999026 -0.035453 77.359810 -0.130492 0.038591 0.990698 -0.850209 0.000000 0.000000 0.000000 1.000000
0.989533 -0.015953 0.143423 2.429635 0.021942 0.998948 -0.040272 76.508026 -0.142630 0.042998 0.988842 -0.367945 0.000000 0.000000 0.000000 1.000000
0.989415 -0.001957 0.145098 1.950408 0.009025 0.998803 -0.048066 76.157700 -0.144831 0.048867 0.988249 0.236429 0.000000 0.000000 0.000000 1.000000
0.990256 0.020925 0.137677 1.477724 -0.013277 0.998329 -0.056235 76.056656 -0.138623 0.053859 0.988880 0.393082 0.000000 0.000000 0.000000 1.000000
0.990833 0.044145 0.127673 1.015516 -0.036927 0.997612 -0.058360 76.407318 -0.129945 0.053110 0.990098 0.207909 0.000000 0.000000 0.000000 1.000000
0.990835 0.060533 0.120757 0.570469 -0.054725 0.997206 -0.050855 77.084839 -0.123498 0.043780 0.991379 0.019179 0.000000 0.000000 0.000000 1.000000
0.991862 0.061881 0.111268 0.308206 -0.058022 0.997607 -0.037590 78.321213 -0.113328 0.030828 0.993079 0.216666 0.000000 0.000000 0.000000 1.000000
0.994264 0.053402 0.092672 0.114643 -0.051223 0.998355 -0.025746 79.550865 -0.093895 0.020851 0.995364 0.399546 0.000000 0.000000 0.000000 1.000000
0.996923 0.044095 0.064815 -0.008275 -0.042948 0.998897 -0.018992 80.582092 -0.065581 0.016150 0.997717 0.542154 0.000000 0.000000 0.000000 1.000000</float_array><technique_common><accessor source="#Hips-Matrix-animation-output-transform-array" count="31" stride="16"><param type="float4x4"/></accessor></technique_common></source><source id="Hips-Interpolations"><Name_array id="Hips-Interpolations-array" count="31">
 LINEAR LINEAR LINEAR LINEAR LINEAR LINEAR LINEAR LINEAR LINEAR LINEAR LINEAR
LINEAR LINEAR LINEAR LINEAR LINEAR LINEAR LINEAR LINEAR LINEAR LINEAR LINEAR LINEAR
LINEAR LINEAR LINEAR LINEAR LINEAR LINEAR LINEAR LINEAR</Name_array><technique_common><accessor source="#Hips-Interpolations-array" count="31"><param type="name"/></accessor></technique_common></source><sampler id="Hips-Matrix-animation-transform"><input semantic="INPUT" source="#Hips-Matrix-animation-input"/><input semantic="OUTPUT" source="#Hips-Matrix-animation-output-transform"/><input semantic="INTERPOLATION" source="#Hips-Interpolations"/></sampler><channel source="#Hips-Matrix-animation-transform" target="Hips/matrix"/></animation>
    <animation id="Pelvis-anim" name="Pelvis"><source id="Pelvis-Matrix-animation-input"><float_array id="Pelvis-Matrix-animation-input-array" count="31">

0.000000 0.033333 0.066667 0.100000 0.133333 0.166667 0.200000 0.233333 0.266667 0.300000 0.333333 0.366667 0.400000 0.433333 0.466667 0.500000
0.533333 0.566667 0.600000 0.633333 0.666667 0.700000 0.733333 0.766667 0.800000 0.833333 0.866667 0.900000 0.933333 0.966667 1.000000</float_array><technique_common><accessor source="#Pelvis-Matrix-animation-input-array" count="31"><param name="TIME" type="float"/></accessor></technique_common></source><source id="Pelvis-Matrix-animation-output-transform"><float_array id="Pelvis-Matrix-animation-output-transform-array" count="496">

1.000000 0.000000 0.000000 0.000000 0.000000 1.000000 -0.000000 0.000000 0.000000 0.000000 1.000000 0.000000 0.000000 0.000000 0.000000 1.000000
1.000000 -0.000000 0.000000 0.000000 0.000000 1.000000 0.000000 0.000000 0.000000 -0.000000 1.000000 0.000000 0.000000 0.000000 0.000000 1.000000
1.000000 -0.000000 -0.000000 0.000000 -0.000000 1.000000 -0.000000 0.000000 0.000000 0.000000 1.000000 0.000000 0.000000 0.000000 0.000000 1.000000
1.000000 -0.000000 -0.000000 0.000000 0.000000 1.000000 0.000000 0.000000 0.000000 0.000000 1.000000 0.000000 0.000000 0.000000 0.000000 1.000000
1.000000 -0.000000 0.000000 0.000000 0.000000 1.000000 0.000000 0.000000 -0.000000 -0.000000 1.000000 0.000000 0.000000 0.000000 0.000000 1.000000
1.000000 0.000000 0.000000 0.000000 0.000000 1.000000 0.000000 0.000000 0.000000 0.000000 1.000000 0.000000 0.000000 0.000000 0.000000 1.000000
1.000000 -0.000000 0.000000 0.000000 0.000000 1.000000 -0.000000 0.000000 0.000000 0.000000 1.000000 0.000000 0.000000 0.000000 0.000000 1.000000
1.000000 -0.000000 0.000000 0.000000 0.000000 1.000000 -0.000000 0.000000 0.000000 0.000000 1.000000 0.000000 0.000000 0.000000 0.000000 1.000000
1.000000 -0.000000 0.000000 0.000000 0.000000 1.000000 -0.000000 0.000000 -0.000000 0.000000 1.000000 0.000000 0.000000 0.000000 0.000000 1.000000
1.000000 0.000000 -0.000000 0.000000 -0.000000 1.000000 -0.000000 0.000000 -0.000000 0.000000 1.000000 0.000000 0.000000 0.000000 0.000000 1.000000
1.000000 -0.000000 -0.000000 0.000000 0.000000 1.000000 0.000000 0.000000 -0.000000 -0.000000 1.000000 0.000000 0.000000 0.000000 0.000000 1.000000
1.000000 -0.000000 0.000000 0.000000 0.000000 1.000000 -0.000000 0.000000 0.000000 0.000000 1.000000 0.000000 0.000000 0.000000 0.000000 1.000000
1.000000 0.000000 0.000000 0.000000 -0.000000 1.000000 0.000000 0.000000 0.000000 0.000000 1.000000 0.000000 0.000000 0.000000 0.000000 1.000000
1.000000 0.000000 -0.000000 0.000000 0.000000 1.000000 0.000000 0.000000 0.000000 0.000000 1.000000 0.000000 0.000000 0.000000 0.000000 1.000000
1.000000 -0.000000 -0.000000 0.000000 -0.000000 1.000000 -0.000000 0.000000 0.000000 -0.000000 1.000000 0.000000 0.000000 0.000000 0.000000 1.000000
1.000000 -0.000000 0.000000 0.000000 -0.000000 1.000000 0.000000 0.000000 0.000000 -0.000000 1.000000 0.000000 0.000000 0.000000 0.000000 1.000000
1.000000 -0.000000 0.000000 0.000000 -0.000000 1.000000 0.000000 0.000000 0.000000 0.000000 1.000000 0.000000 0.000000 0.000000 0.000000 1.000000
1.000000 -0.000000 0.000000 0.000000 0.000000 1.000000 -0.000000 0.000000 0.000000 -0.000000 1.000000 0.000000 0.000000 0.000000 0.000000 1.000000
1.000000 -0.000000 0.000000 0.000000 -0.000000 1.000000 0.000000 0.000000 0.000000 0.000000 1.000000 0.000000 0.000000 0.000000 0.000000 1.000000
1.000000 0.000000 0.000000 0.000000 -0.000000 1.000000 0.000000 0.000000 -0.000000 0.000000 1.000000 0.000000 0.000000 0.000000 0.000000 1.000000
1.000000 -0.000000 0.000000 0.000000 -0.000000 1.000000 0.000000 0.000000 0.000000 -0.000000 1.000000 0.000000 0.000000 0.000000 0.000000 1.000000
1.000000 -0.000000 0.000000 0.000000 0.000000 1.000000 0.000000 0.000000 -0.000000 0.000000 1.000000 0.000000 0.000000 0.000000 0.000000 1.000000
1.000000 0.000000 0.000000 0.000000 -0.000000 1.000000 0.000000 0.000000 0.000000 0.000000 1.000000 0.000000 0.000000 0.000000 0.000000 1.000000
1.000000 0.000000 0.000000 0.000000 0.000000 1.000000 0.000000 0.000000 0.000000 0.000000 1.000000 0.000000 0.000000 0.000000 0.000000 1.000000
1.000000 0.000000 0.000000 0.000000 -0.000000 1.000000 0.000000 0.000000 0.000000 -0.000000 1.000000 0.000000 0.000000 0.000000 0.000000 1.000000
1.000000 -0.000000 0.000000 0.000000 -0.000000 1.000000 -0.000000 0.000000 0.000000 -0.000000 1.000000 0.000000 0.000000 0.000000 0.000000 1.000000
1.000000 -0.000000 0.000000 0.000000 0.000000 1.000000 0.000000 0.000000 0.000000 0.000000 1.000000 0.000000 0.000000 0.000000 0.000000 1.000000
1.000000 -0.000000 -0.000000 0.000000 -0.000000 1.000000 0.000000 0.000000 0.000000 0.000000 1.000000 0.000000 0.000000 0.000000 0.000000 1.000000
1.000000 0.000000 0.000000 0.000000 -0.000000 1.000000 0.000000 0.000000 0.000000 0.000000 1.000000 0.000000 0.000000 0.000000 0.000000 1.000000
1.000000 -0.000000 -0.000000 0.000000 0.000000 1.000000 -0.000000 0.000000 0.000000 0.000000 1.000000 0.000000 0.000000 0.000000 0.000000 1.000000
1.000000 -0.000000 0.000000 0.000000 0.000000 1.000000 -0.000000 0.000000 0.000000 -0.000000 1.000000 0.000000 0.000000 0.000000 0.000000 1.000000</float_array><technique_common><accessor source="#Pelvis-Matrix-animation-output-transform-array" count="31" stride="16"><param type="float4x4"/></accessor></technique_common></source><source id="Pelvis-Interpolations"><Name_array id="Pelvis-Interpolations-array" count="31">
 LINEAR LINEAR LINEAR LINEAR LINEAR LINEAR LINEAR LINEAR LINEAR LINEAR LINEAR
LINEAR LINEAR LINEAR LINEAR LINEAR LINEAR LINEAR LINEAR LINEAR LINEAR LINEAR LINEAR
LINEAR LINEAR LINEAR LINEAR LINEAR LINEAR LINEAR LINEAR</Name_array><technique_common><accessor source="#Pelvis-Interpolations-array" count="31"><param type="name"/></accessor></technique_common></source><sampler id="Pelvis-Matrix-animation-transform"><input semantic="INPUT" source="#Pelvis-Matrix-animation-input"/><input semantic="OUTPUT" source="#Pelvis-Matrix-animation-output-transform"/><input semantic="INTERPOLATION" source="#Pelvis-Interpolations"/></sampler><channel source="#Pelvis-Matrix-animation-transform" target="Pelvis/matrix"/></animation>
    <animation id="LeftUpLeg-anim" name="LeftUpLeg"><source id="LeftUpLeg-Matrix-animation-input"><float_array id="LeftUpLeg-Matrix-animation-input-array" count="31">

0.000000 0.033333 0.066667 0.100000 0.133333 0.166667 0.200000 0.233333 0.266667 0.300000 0.333333 0.366667 0.400000 0.433333 0.466667 0.500000
0.533333 0.566667 0.600000 0.633333 0.666667 0.700000 0.733333 0.766667 0.800000 0.833333 0.866667 0.900000 0.933333 0.966667 1.000000</float_array><technique_common><accessor source="#LeftUpLeg-Matrix-animation-input-array" count="31"><param name="TIME" type="float"/></accessor></technique_common></source><source id="LeftUpLeg-Matrix-animation-output-transform"><float_array id="LeftUpLeg-Matrix-animation-output-transform-array" count="496">

0.989076 -0.120097 0.085475 8.479700 0.062436 0.866582 0.495114 -4.795500 -0.133532 -0.484369 0.864613 -0.379100 0.000000 0.000000 0.000000 1.000000
0.990082 -0.110198 0.087147 8.479700 0.046407 0.841999 0.537479 -4.795500 -0.132606 -0.528104 0.838762 -0.379100 0.000000 0.000000 0.000000 1.000000
0.992081 -0.097234 0.079504 8.479700 0.036782 0.830158 0.556313 -4.795500 -0.120094 -0.548984 0.827160 -0.379100 0.000000 0.000000 0.000000 1.000000
0.993756 -0.084444 0.072924 8.479700 0.028403 0.823528 0.566564 -4.795500 -0.107898 -0.560956 0.820784 -0.379100 0.000000 0.000000 0.000000 1.000000
0.994763 -0.072197 0.072342 8.479700 0.016961 0.814613 0.579757 -4.795500 -0.100788 -0.575494 0.811572 -0.379100 0.000000 0.000000 0.000000 1.000000
0.996214 -0.059587 0.063295 8.479700 0.009136 0.795847 0.605428 -4.795500 -0.086448 -0.602558 0.793379 -0.379100 0.000000 0.000000 0.000000 1.000000
0.997094 -0.055212 0.052483 8.479700 0.007947 0.760597 0.649176 -4.795500 -0.075761 -0.646873 0.758825 -0.379100 0.000000 0.000000 0.000000 1.000000
0.996230 -0.058643 0.063925 8.479700 0.000984 0.744488 0.667635 -4.795500 -0.086744 -0.665055 0.741739 -0.379100 0.000000 0.000000 0.000000 1.000000
0.995025 -0.051888 0.085043 8.479700 -0.015623 0.761812 0.647610 -4.795500 -0.098390 -0.645717 0.757212 -0.379100 0.000000 0.000000 0.000000 1.000000
0.994357 -0.051276 0.092868 8.479700 -0.023028 0.750217 0.660790 -4.795500 -0.103554 -0.659200 0.744803 -0.379100 0.000000 0.000000 0.000000 1.000000
0.995349 -0.033980 0.090143 8.479700 -0.033076 0.758300 0.651066 -4.795500 -0.090478 -0.651020 0.753649 -0.379100 0.000000 0.000000 0.000000 1.000000
0.995558 -0.014391 0.093044 8.479700 -0.049414 0.761331 0.646477 -4.795500 -0.080141 -0.648203 0.757238 -0.379100 0.000000 0.000000 0.000000 1.000000
0.995123 0.007828 0.098332 8.479700 -0.064481 0.805999 0.588395 -4.795500 -0.074650 -0.591865 0.802573 -0.379100 0.000000 0.000000 0.000000 1.000000
0.994039 0.018437 0.107457 8.479700 -0.069344 0.867471 0.492631 -4.795500 -0.084133 -0.497146 0.863578 -0.379100 0.000000 0.000000 0.000000 1.000000
0.990895 0.014750 0.133827 8.479700 -0.065319 0.921835 0.382038 -4.795500 -0.117731 -0.387301 0.914405 -0.379100 0.000000 0.000000 0.000000 1.000000
0.987987 0.015269 0.153778 8.479700 -0.055861 0.963105 0.263266 -4.795500 -0.144085 -0.268694 0.952388 -0.379100 0.000000 0.000000 0.000000 1.000000
0.986473 0.016740 0.163069 8.479700 -0.043506 0.985834 0.161984 -4.795500 -0.158047 -0.166887 0.973226 -0.379100 0.000000 0.000000 0.000000 1.000000
0.984148 0.020430 0.176167 8.479700 -0.032855 0.997151 0.067899 -4.795500 -0.174278 -0.072610 0.982016 -0.379100 0.000000 0.000000 0.000000 1.000000
0.980435 0.023448 0.195442 8.479700 -0.017891 0.999385 -0.030149 -4.795500 -0.196029 0.026063 0.980252 -0.379100 0.000000 0.000000 0.000000 1.000000
0.976671 0.016880 0.214078 8.479700 0.001726 0.996256 -0.086430 -4.795500 -0.214736 0.084783 0.972985 -0.379100 0.000000 0.000000 0.000000 1.000000
0.974602 -0.000596 0.223941 8.479700 0.022870 0.995033 -0.096883 -4.795500 -0.222771 0.099544 0.969775 -0.379100 0.000000 0.000000 0.000000 1.000000
0.977630 -0.013668 0.209888 8.479700 0.034575 0.994755 -0.096266 -4.795500 -0.207471 0.101370 0.972975 -0.379100 0.000000 0.000000 0.000000 1.000000
0.978446 -0.019741 0.205559 8.479700 0.044538 0.992166 -0.116715 -4.795500 -0.201645 0.123355 0.971660 -0.379100 0.000000 0.000000 0.000000 1.000000
0.975988 -0.030933 0.215617 8.479700 0.067925 0.983728 -0.166331 -4.795500 -0.206964 0.176983 0.962207 -0.379100 0.000000 0.000000 0.000000 1.000000
0.977006 -0.046956 0.207975 8.479700 0.082526 0.982698 -0.165814 -4.795500 -0.196590 0.179164 0.963977 -0.379100 0.000000 0.000000 0.000000 1.000000
0.979158 -0.087039 0.183504 8.479700 0.092812 0.995416 -0.023094 -4.795500 -0.180653 0.039644 0.982748 -0.379100 0.000000 0.000000 0.000000 1.000000
0.980831 -0.122316 0.151690 8.479700 0.109095 0.989705 0.092640 -4.795500 -0.161460 -0.074315 0.984077 -0.379100 0.000000 0.000000 0.000000 1.000000
0.982646 -0.134228 0.128019 8.479700 0.106411 0.973243 0.203653 -4.795500 -0.151930 -0.186496 0.970637 -0.379100 0.000000 0.000000 0.000000 1.000000
0.985181 -0.131316 0.110340 8.479700 0.093122 0.949746 0.298849 -4.795500 -0.144038 -0.284145 0.947900 -0.379100 0.000000 0.000000 0.000000 1.000000
0.989285 -0.115016 0.089928 8.479700 0.072907 0.922832 0.378241 -4.795500 -0.126492 -0.367631 0.921329 -0.379100 0.000000 0.000000 0.000000 1.000000
0.989753 -0.117987 0.080426 8.479700 0.068768 0.887483 0.455681 -4.795500 -0.125141 -0.445481 0.886503 -0.379100 0.000000 0.000000 0.000000 1.000000</float_array><technique_common><accessor source="#LeftUpLeg-Matrix-animation-output-transform-array" count="31" stride="16"><param type="float4x4"/></accessor></technique_common></source><source id="LeftUpLeg-Interpolations"><Name_array id="LeftUpLeg-Interpolations-array" count="31">
 LINEAR LINEAR LINEAR LINEAR LINEAR LINEAR LINEAR LINEAR LINEAR LINEAR LINEAR
LINEAR LINEAR LINEAR LINEAR LINEAR LINEAR LINEAR LINEAR LINEAR LINEAR LINEAR LINEAR
LINEAR LINEAR LINEAR LINEAR LINEAR LINEAR LINEAR LINEAR</Name_array><technique_common><accessor source="#LeftUpLeg-Interpolations-array" count="31"><param type="name"/></accessor></technique_common></source><sampler id="LeftUpLeg-Matrix-animation-transform"><input semantic="INPUT" source="#LeftUpLeg-Matrix-animation-input"/><input semantic="OUTPUT" source="#LeftUpLeg-Matrix-animation-output-transform"/><input semantic="INTERPOLATION" source="#LeftUpLeg-Interpolations"/></sampler><channel source="#LeftUpLeg-Matrix-animation-transform" target="LeftUpLeg/matrix"/></animation>
    <animation id="LeftLeg-anim" name="LeftLeg"><source id="LeftLeg-Matrix-animation-input"><float_array id="LeftLeg-Matrix-animation-input-array" count="31">

0.000000 0.033333 0.066667 0.100000 0.133333 0.166667 0.200000 0.233333 0.266667 0.300000 0.333333 0.366667 0.400000 0.433333 0.466667 0.500000
0.533333 0.566667 0.600000 0.633333 0.666667 0.700000 0.733333 0.766667 0.800000 0.833333 0.866667 0.900000 0.933333 0.966667 1.000000</float_array><technique_common><accessor source="#LeftLeg-Matrix-animation-input-array" count="31"><param name="TIME" type="float"/></accessor></technique_common></source><source id="LeftLeg-Matrix-animation-output-transform"><float_array id="LeftLeg-Matrix-animation-output-transform-array" count="496">

0.999978 -0.005639 -0.003421 0.485100 -0.000492 0.453484 -0.891264 -32.551498 0.006577 0.891247 0.453471 0.112900 0.000000 0.000000 0.000000 1.000000
0.999463 0.006922 0.032029 0.485100 0.022652 0.560335 -0.827957 -32.551498 -0.023678 0.828237 0.559877 0.112900 0.000000 0.000000 0.000000 1.000000
0.997219 0.011432 0.073645 0.485100 0.045259 0.692194 -0.720291 -32.551498 -0.059211 0.721621 0.689752 0.112900 0.000000 0.000000 0.000000 1.000000
0.995459 0.009894 0.094676 0.485100 0.047110 0.813046 -0.580290 -32.551498 -0.082718 0.582115 0.808888 0.112900 0.000000 0.000000 0.000000 1.000000
0.996533 0.001331 0.083183 0.485100 0.034372 0.903957 -0.426239 -32.551498 -0.075761 0.427620 0.900778 0.112900 0.000000 0.000000 0.000000 1.000000
0.997762 -0.015134 0.065132 0.485100 0.034982 0.948262 -0.315557 -32.551498 -0.056986 0.317129 0.946669 0.112900 0.000000 0.000000 0.000000 1.000000
0.998487 -0.029406 0.046471 0.485100 0.042629 0.947723 -0.316234 -32.551498 -0.034742 0.317736 0.947542 0.112900 0.000000 0.000000 0.000000 1.000000
0.999577 -0.027910 0.008125 0.485100 0.028938 0.928932 -0.369119 -32.551498 0.002755 0.369198 0.929347 0.112900 0.000000 0.000000 0.000000 1.000000
0.999412 -0.018899 -0.028593 0.485100 0.006074 0.918691 -0.394929 -32.551498 0.033732 0.394524 0.918266 0.112900 0.000000 0.000000 0.000000 1.000000
0.996445 -0.012175 -0.083357 0.485100 -0.029959 0.873598 -0.485725 -32.551498 0.078734 0.486496 0.870128 0.112900 0.000000 0.000000 0.000000 1.000000
0.998704 -0.004647 -0.050689 0.485100 -0.022865 0.848741 -0.528313 -32.551498 0.045477 0.528788 0.847535 0.112900 0.000000 0.000000 0.000000 1.000000
0.998973 0.000014 -0.045306 0.485100 -0.028583 0.776077 -0.629990 -32.551498 0.035152 0.630638 0.775280 0.112900 0.000000 0.000000 0.000000 1.000000
0.998884 -0.004471 -0.047027 0.485100 -0.026871 0.764978 -0.643496 -32.551498 0.038851 0.644041 0.764004 0.112900 0.000000 0.000000 0.000000 1.000000
0.997962 -0.010080 -0.063014 0.485100 -0.030010 0.797315 -0.602816 -32.551498 0.056318 0.603479 0.795388 0.112900 0.000000 0.000000 0.000000 1.000000
0.993760 -0.014681 -0.110569 0.485100 -0.046475 0.846645 -0.530125 -32.551498 0.101395 0.531955 0.840680 0.112900 0.000000 0.000000 0.000000 1.000000
0.986782 -0.018683 -0.160971 0.485100 -0.053865 0.899035 -0.434551 -32.551498 0.152837 0.437478 0.886145 0.112900 0.000000 0.000000 0.000000 1.000000
0.977473 -0.016899 -0.210385 0.485100 -0.058055 0.936812 -0.344982 -32.551498 0.202921 0.349424 0.914727 0.112900 0.000000 0.000000 0.000000 1.000000
0.965595 -0.008932 -0.259897 0.485100 -0.062853 0.961763 -0.266572 -32.551498 0.252341 0.273736 0.928112 0.112900 0.000000 0.000000 0.000000 1.000000
0.952055 0.003265 -0.305909 0.485100 -0.066077 0.978535 -0.195200 -32.551498 0.298706 0.206055 0.931835 0.112900 0.000000 0.000000 0.000000 1.000000
0.939933 0.013681 -0.341085 0.485100 -0.088581 0.974744 -0.205008 -32.551498 0.329666 0.222907 0.917406 0.112900 0.000000 0.000000 0.000000 1.000000
0.931694 0.019607 -0.362713 0.485100 -0.132388 0.948190 -0.288808 -32.551498 0.338258 0.317100 0.886019 0.112900 0.000000 0.000000 0.000000 1.000000
0.933485 0.011289 -0.358439 0.485100 -0.161492 0.905657 -0.392052 -32.551498 0.320197 0.423860 0.847241 0.112900 0.000000 0.000000 0.000000 1.000000
0.935405 -0.018555 -0.353091 0.485100 -0.154707 0.876478 -0.455908 -32.551498 0.317936 0.481084 0.816991 0.112900 0.000000 0.000000 0.000000 1.000000
0.933345 -0.046398 -0.355969 0.485100 -0.129182 0.881769 -0.453646 -32.551498 0.334931 0.469393 0.817001 0.112900 0.000000 0.000000 0.000000 1.000000
0.945693 -0.060309 -0.319419 0.485100 -0.108884 0.867101 -0.486087 -32.551498 0.306284 0.494468 0.813444 0.112900 0.000000 0.000000 0.000000 1.000000
0.971458 -0.073717 -0.225467 0.485100 -0.106807 0.712758 -0.693230 -32.551498 0.211806 0.697525 0.684541 0.112900 0.000000 0.000000 0.000000 1.000000
0.992596 -0.067215 -0.101172 0.485100 -0.041733 0.593507 -0.803746 -32.551498 0.114070 0.802018 0.586307 0.112900 0.000000 0.000000 0.000000 1.000000
0.997227 -0.056885 -0.047984 0.485100 -0.014572 0.483036 -0.875479 -32.551498 0.072979 0.873751 0.480867 0.112900 0.000000 0.000000 0.000000 1.000000
0.997460 -0.046127 -0.054271 0.485100 -0.030405 0.413290 -0.910092 -32.551498 0.064410 0.909430 0.410838 0.112900 0.000000 0.000000 0.000000 1.000000
0.998567 -0.030218 -0.044160 0.485100 -0.028705 0.393974 -0.918673 -32.551498 0.045159 0.918625 0.392542 0.112900 0.000000 0.000000 0.000000 1.000000
0.999830 -0.013504 -0.012571 0.485100 -0.005645 0.424812 -0.905264 -32.551498 0.017565 0.905181 0.424663 0.112900 0.000000 0.000000 0.000000 1.000000</float_array><technique_common><accessor source="#LeftLeg-Matrix-animation-output-transform-array" count="31" stride="16"><param type="float4x4"/></accessor></technique_common></source><source id="LeftLeg-Interpolations"><Name_array id="LeftLeg-Interpolations-array" count="31">
 LINEAR LINEAR LINEAR LINEAR LINEAR LINEAR LINEAR LINEAR LINEAR LINEAR LINEAR
LINEAR LINEAR LINEAR LINEAR LINEAR LINEAR LINEAR LINEAR LINEAR LINEAR LINEAR LINEAR
LINEAR LINEAR LINEAR LINEAR LINEAR LINEAR LINEAR LINEAR</Name_array><technique_common><accessor source="#LeftLeg-Interpolations-array" count="31"><param type="name"/></accessor></technique_common></source><sampler id="LeftLeg-Matrix-animation-transform"><input semantic="INPUT" source="#LeftLeg-Matrix-animation-input"/><input semantic="OUTPUT" source="#LeftLeg-Matrix-animation-output-transform"/><input semantic="INTERPOLATION" source="#LeftLeg-Interpolations"/></sampler><channel source="#LeftLeg-Matrix-animation-transform" target="LeftLeg/matrix"/></animation>
    <animation id="LeftFoot-anim" name="LeftFoot"><source id="LeftFoot-Matrix-animation-input"><float_array id="LeftFoot-Matrix-animation-input-array" count="31">

0.000000 0.033333 0.066667 0.100000 0.133333 0.166667 0.200000 0.233333 0.266667 0.300000 0.333333 0.366667 0.400000 0.433333 0.466667 0.500000
0.533333 0.566667 0.600000 0.633333 0.666667 0.700000 0.733333 0.766667 0.800000 0.833333 0.866667 0.900000 0.933333 0.966667 1.000000</float_array><technique_common><accessor source="#LeftFoot-Matrix-animation-input-array" count="31"><param name="TIME" type="float"/></accessor></technique_common></source><source id="LeftFoot-Matrix-animation-output-transform"><float_array id="LeftFoot-Matrix-animation-output-transform-array" count="496">

0.999915 0.011017 0.007040 0.438000 -0.010577 0.998156 -0.059771 -32.635700 -0.007685 0.059691 0.998187 -3.012600 0.000000 0.000000 0.000000 1.000000
0.999977 0.000117 0.006742 0.438000 -0.000125 0.999999 0.001173 -32.635700 -0.006742 -0.001174 0.999977 -3.012600 0.000000 0.000000 0.000000 1.000000
0.999873 -0.015145 0.005059 0.438000 0.014857 0.998496 0.052768 -32.635700 -0.005850 -0.052686 0.998594 -3.012600 0.000000 0.000000 0.000000 1.000000
0.999264 -0.038230 0.003298 0.438000 0.037896 0.996713 0.071599 -32.635700 -0.006025 -0.071421 0.997428 -3.012600 0.000000 0.000000 0.000000 1.000000
0.998626 -0.052245 0.004004 0.438000 0.052074 0.998029 0.035010 -32.635700 -0.005825 -0.034753 0.999379 -3.012600 0.000000 0.000000 0.000000 1.000000
0.999440 -0.033013 0.005510 0.438000 0.032915 0.999313 0.017040 -32.635700 -0.006068 -0.016849 0.999840 -3.012600 0.000000 0.000000 0.000000 1.000000
0.999982 -0.001836 0.005633 0.438000 0.001478 0.998014 0.062976 -32.635700 -0.005737 -0.062967 0.997999 -3.012600 0.000000 0.000000 0.000000 1.000000
0.999973 0.004219 0.006013 0.438000 -0.005032 0.989801 0.142366 -32.635700 -0.005351 -0.142392 0.989796 -3.012600 0.000000 0.000000 0.000000 1.000000
0.999128 -0.041725 0.001221 0.438000 0.041237 0.991144 0.126225 -32.635700 -0.006477 -0.126065 0.992001 -3.012600 0.000000 0.000000 0.000000 1.000000
0.999876 -0.014970 0.004851 0.438000 0.014918 0.999833 0.010600 -32.635700 -0.005009 -0.010527 0.999932 -3.012600 0.000000 0.000000 0.000000 1.000000
0.999620 -0.026750 0.006628 0.438000 0.027377 0.991469 -0.127437 -32.635700 -0.003163 0.127570 0.991824 -3.012600 0.000000 0.000000 0.000000 1.000000
0.999166 -0.040492 0.005234 0.438000 0.040464 0.999167 0.005367 -32.635700 -0.005447 -0.005151 0.999972 -3.012600 0.000000 0.000000 0.000000 1.000000
0.998785 -0.049137 0.003795 0.438000 0.048587 0.994648 0.091182 -32.635700 -0.008255 -0.090887 0.995827 -3.012600 0.000000 0.000000 0.000000 1.000000
0.998380 -0.056859 0.002016 0.438000 0.055966 0.987836 0.145077 -32.635700 -0.010240 -0.144730 0.989418 -3.012600 0.000000 0.000000 0.000000 1.000000
0.997615 -0.069030 -0.000190 0.438000 0.068000 0.982246 0.174841 -32.635700 -0.011883 -0.174437 0.984597 -3.012600 0.000000 0.000000 0.000000 1.000000
0.995735 -0.092159 -0.004402 0.438000 0.091309 0.977460 0.190352 -32.635700 -0.013240 -0.189942 0.981706 -3.012600 0.000000 0.000000 0.000000 1.000000
0.995452 -0.095188 -0.003939 0.438000 0.094245 0.977867 0.186801 -32.635700 -0.013929 -0.186322 0.982390 -3.012600 0.000000 0.000000 0.000000 1.000000
0.995005 -0.099759 -0.003569 0.438000 0.098421 0.974436 0.201960 -32.635700 -0.016669 -0.201302 0.979387 -3.012600 0.000000 0.000000 0.000000 1.000000
0.994513 -0.104578 -0.002883 0.438000 0.102451 0.967969 0.229215 -32.635700 -0.021180 -0.228253 0.973372 -3.012600 0.000000 0.000000 0.000000 1.000000
0.993101 -0.117192 -0.003972 0.438000 0.113935 0.956388 0.268964 -32.635700 -0.027721 -0.267561 0.963142 -3.012600 0.000000 0.000000 0.000000 1.000000
0.990640 -0.136317 -0.007102 0.438000 0.132246 0.945564 0.297353 -32.635700 -0.033819 -0.295509 0.954741 -3.012600 0.000000 0.000000 0.000000 1.000000
0.989143 -0.146751 -0.007767 0.438000 0.142215 0.942571 0.302217 -32.635700 -0.037030 -0.300040 0.953207 -3.012600 0.000000 0.000000 0.000000 1.000000
0.990504 -0.137435 -0.003552 0.438000 0.133132 0.952406 0.274223 -32.635700 -0.034305 -0.272092 0.961659 -3.012600 0.000000 0.000000 0.000000 1.000000
0.993134 -0.116983 0.000877 0.438000 0.114254 0.971521 0.207588 -32.635700 -0.025136 -0.206063 0.978216 -3.012600 0.000000 0.000000 0.000000 1.000000
0.991436 -0.130588 0.001068 0.438000 0.130344 0.990021 0.053555 -32.635700 -0.008051 -0.052957 0.998564 -3.012600 0.000000 0.000000 0.000000 1.000000
0.992734 -0.120239 0.004567 0.438000 0.119493 0.980703 -0.154734 -32.635700 0.014126 0.154156 0.987946 -3.012600 0.000000 0.000000 0.000000 1.000000
0.994178 -0.107414 0.008453 0.438000 0.104318 0.939942 -0.325003 -32.635700 0.026965 0.323993 0.945675 -3.012600 0.000000 0.000000 0.000000 1.000000
0.977445 -0.207579 0.038879 0.438000 0.203867 0.879378 -0.430271 -32.635700 0.055126 0.428492 0.901862 -3.012600 0.000000 0.000000 0.000000 1.000000
0.974211 -0.222606 0.036869 0.438000 0.220654 0.905733 -0.361883 -32.635700 0.047164 0.360686 0.931494 -3.012600 0.000000 0.000000 0.000000 1.000000
0.983539 -0.179856 0.017391 0.438000 0.179623 0.962703 -0.202332 -32.635700 0.019648 0.202125 0.979163 -3.012600 0.000000 0.000000 0.000000 1.000000
0.999765 -0.020676 0.006513 0.438000 0.021168 0.995909 -0.087850 -32.635700 -0.004670 0.087967 0.996112 -3.012600 0.000000 0.000000 0.000000 1.000000</float_array><technique_common><accessor source="#LeftFoot-Matrix-animation-output-transform-array" count="31" stride="16"><param type="float4x4"/></accessor></technique_common></source><source id="LeftFoot-Interpolations"><Name_array id="LeftFoot-Interpolations-array" count="31">
 LINEAR LINEAR LINEAR LINEAR LINEAR LINEAR LINEAR LINEAR LINEAR LINEAR LINEAR
LINEAR LINEAR LINEAR LINEAR LINEAR LINEAR LINEAR LINEAR LINEAR LINEAR LINEAR LINEAR
LINEAR LINEAR LINEAR LINEAR LINEAR LINEAR LINEAR LINEAR</Name_array><technique_common><accessor source="#LeftFoot-Interpolations-array" count="31"><param type="name"/></accessor></technique_common></source><sampler id="LeftFoot-Matrix-animation-transform"><input semantic="INPUT" source="#LeftFoot-Matrix-animation-input"/><input semantic="OUTPUT" source="#LeftFoot-Matrix-animation-output-transform"/><input semantic="INTERPOLATION" source="#LeftFoot-Interpolations"/></sampler><channel source="#LeftFoot-Matrix-animation-transform" target="LeftFoot/matrix"/></animation>
    <animation id="RightUpLeg-anim" name="RightUpLeg"><source id="RightUpLeg-Matrix-animation-input"><float_array id="RightUpLeg-Matrix-animation-input-array" count="31">

0.000000 0.033333 0.066667 0.100000 0.133333 0.166667 0.200000 0.233333 0.266667 0.300000 0.333333 0.366667 0.400000 0.433333 0.466667 0.500000
0.533333 0.566667 0.600000 0.633333 0.666667 0.700000 0.733333 0.766667 0.800000 0.833333 0.866667 0.900000 0.933333 0.966667 1.000000</float_array><technique_common><accessor source="#RightUpLeg-Matrix-animation-input-array" count="31"><param name="TIME" type="float"/></accessor></technique_common></source><source id="RightUpLeg-Matrix-animation-output-transform"><float_array id="RightUpLeg-Matrix-animation-output-transform-array" count="496">

0.984343 -0.075425 -0.159310 -8.479700 0.112215 0.965152 0.236407 -4.795500 0.135927 -0.250583 0.958505 -0.379100 0.000000 0.000000 0.000000 1.000000
0.982402 -0.079489 -0.169017 -8.479700 0.105337 0.983069 0.149930 -4.795500 0.154238 -0.165096 0.974143 -0.379100 0.000000 0.000000 0.000000 1.000000
0.980794 -0.078329 -0.178630 -8.479700 0.092507 0.993072 0.072463 -4.795500 0.171716 -0.087596 0.981244 -0.379100 0.000000 0.000000 0.000000 1.000000
0.978881 -0.069629 -0.192205 -8.479700 0.070215 0.997525 -0.003772 -4.795500 0.191992 -0.009803 0.981347 -0.379100 0.000000 0.000000 0.000000 1.000000
0.978058 -0.056663 -0.200480 -8.479700 0.044188 0.996830 -0.066167 -4.795500 0.203594 0.055856 0.977461 -0.379100 0.000000 0.000000 0.000000 1.000000
0.976838 -0.038223 -0.210538 -8.479700 0.017384 0.994840 -0.099952 -4.795500 0.213272 0.093977 0.972463 -0.379100 0.000000 0.000000 0.000000 1.000000
0.975443 -0.022745 -0.219073 -8.479700 -0.005973 0.991556 -0.129541 -4.795500 0.220169 0.127668 0.967071 -0.379100 0.000000 0.000000 0.000000 1.000000
0.973719 -0.008726 -0.227584 -8.479700 -0.028268 0.986908 -0.158787 -4.795500 0.225990 0.161047 0.960725 -0.379100 0.000000 0.000000 0.000000 1.000000
0.972364 0.007483 -0.233349 -8.479700 -0.051158 0.982026 -0.181682 -4.795500 0.227795 0.188599 0.955270 -0.379100 0.000000 0.000000 0.000000 1.000000
0.972078 0.022876 -0.233539 -8.479700 -0.068344 0.979690 -0.188509 -4.795500 0.224483 0.199207 0.953899 -0.379100 0.000000 0.000000 0.000000 1.000000
0.973853 0.045750 -0.222524 -8.479700 -0.082749 0.983657 -0.159908 -4.795500 0.211572 0.174141 0.961724 -0.379100 0.000000 0.000000 0.000000 1.000000
0.979883 0.064495 -0.188864 -8.479700 -0.085568 0.990717 -0.105633 -4.795500 0.180298 0.119669 0.976305 -0.379100 0.000000 0.000000 0.000000 1.000000
0.982134 0.076998 -0.171708 -8.479700 -0.075671 0.997031 0.014272 -4.795500 0.172297 -0.001024 0.985045 -0.379100 0.000000 0.000000 0.000000 1.000000
0.986160 0.068860 -0.150819 -8.479700 -0.048527 0.989715 0.134572 -4.795500 0.158534 -0.125391 0.979359 -0.379100 0.000000 0.000000 0.000000 1.000000
0.989627 0.049270 -0.134944 -8.479700 -0.012262 0.964889 0.262373 -4.795500 0.143133 -0.257997 0.955484 -0.379100 0.000000 0.000000 0.000000 1.000000
0.991629 0.031198 -0.125297 -8.479700 0.015872 0.933560 0.358069 -4.795500 0.128143 -0.357061 0.925250 -0.379100 0.000000 0.000000 0.000000 1.000000
0.992778 0.025763 -0.117167 -8.479700 0.027740 0.900900 0.433139 -4.795500 0.116715 -0.433261 0.893679 -0.379100 0.000000 0.000000 0.000000 1.000000
0.994061 0.031250 -0.104241 -8.479700 0.023796 0.872285 0.488419 -4.795500 0.106191 -0.487999 0.866361 -0.379100 0.000000 0.000000 0.000000 1.000000
0.995384 0.037977 -0.088142 -8.479700 0.013035 0.856375 0.516190 -4.795500 0.095086 -0.514956 0.851926 -0.379100 0.000000 0.000000 0.000000 1.000000
0.996369 0.044645 -0.072493 -8.479700 0.001618 0.841396 0.540417 -4.795500 0.085122 -0.538572 0.838269 -0.379100 0.000000 0.000000 0.000000 1.000000
0.996090 0.054300 -0.069690 -8.479700 -0.006502 0.831743 0.555122 -4.795500 0.088107 -0.552499 0.828844 -0.379100 0.000000 0.000000 0.000000 1.000000
0.994993 0.068251 -0.073006 -8.479700 -0.012675 0.810776 0.585219 -4.795500 0.099133 -0.581364 0.807582 -0.379100 0.000000 0.000000 0.000000 1.000000
0.994832 0.074086 -0.069424 -8.479700 -0.012889 0.770400 0.637431 -4.795500 0.100709 -0.633242 0.767373 -0.379100 0.000000 0.000000 0.000000 1.000000
0.995728 0.062250 -0.068202 -8.479700 -0.000512 0.742310 0.670056 -4.795500 0.092338 -0.667158 0.739171 -0.379100 0.000000 0.000000 0.000000 1.000000
0.996125 0.047565 -0.073981 -8.479700 0.016870 0.722203 0.691476 -4.795500 0.086319 -0.690044 0.718602 -0.379100 0.000000 0.000000 0.000000 1.000000
0.996225 0.023759 -0.083494 -8.479700 0.038938 0.737328 0.674412 -4.795500 0.077586 -0.675117 0.733620 -0.379100 0.000000 0.000000 0.000000 1.000000
0.995206 -0.010401 -0.097248 -8.479700 0.070905 0.761586 0.644173 -4.795500 0.067362 -0.647980 0.758673 -0.379100 0.000000 0.000000 0.000000 1.000000
0.991266 -0.042441 -0.124859 -8.479700 0.109650 0.791268 0.601558 -4.795500 0.073266 -0.609995 0.789011 -0.379100 0.000000 0.000000 0.000000 1.000000
0.987643 -0.060659 -0.144505 -8.479700 0.126567 0.852485 0.507199 -4.795500 0.092422 -0.519221 0.849628 -0.379100 0.000000 0.000000 0.000000 1.000000
0.985923 -0.068509 -0.152522 -8.479700 0.125178 0.907181 0.401688 -4.795500 0.110846 -0.415126 0.902986 -0.379100 0.000000 0.000000 0.000000 1.000000
0.984670 -0.072723 -0.158547 -8.479700 0.116705 0.950199 0.288967 -4.795500 0.129637 -0.303040 0.944119 -0.379100 0.000000 0.000000 0.000000 1.000000</float_array><technique_common><accessor source="#RightUpLeg-Matrix-animation-output-transform-array" count="31" stride="16"><param type="float4x4"/></accessor></technique_common></source><source id="RightUpLeg-Interpolations"><Name_array id="RightUpLeg-Interpolations-array" count="31">
 LINEAR LINEAR LINEAR LINEAR LINEAR LINEAR LINEAR LINEAR LINEAR LINEAR LINEAR
LINEAR LINEAR LINEAR LINEAR LINEAR LINEAR LINEAR LINEAR LINEAR LINEAR LINEAR LINEAR
LINEAR LINEAR LINEAR LINEAR LINEAR LINEAR LINEAR LINEAR</Name_array><technique_common><accessor source="#RightUpLeg-Interpolations-array" count="31"><param type="name"/></accessor></technique_common></source><sampler id="RightUpLeg-Matrix-animation-transform"><input semantic="INPUT" source="#RightUpLeg-Matrix-animation-input"/><input semantic="OUTPUT" source="#RightUpLeg-Matrix-animation-output-transform"/><input semantic="INTERPOLATION" source="#RightUpLeg-Interpolations"/></sampler><channel source="#RightUpLeg-Matrix-animation-transform" target="RightUpLeg/matrix"/></animation>
    <animation id="RightLeg-anim" name="RightLeg"><source id="RightLeg-Matrix-animation-input"><float_array id="RightLeg-Matrix-animation-input-array" count="31">

0.000000 0.033333 0.066667 0.100000 0.133333 0.166667 0.200000 0.233333 0.266667 0.300000 0.333333 0.366667 0.400000 0.433333 0.466667 0.500000
0.533333 0.566667 0.600000 0.633333 0.666667 0.700000 0.733333 0.766667 0.800000 0.833333 0.866667 0.900000 0.933333 0.966667 1.000000</float_array><technique_common><accessor source="#RightLeg-Matrix-animation-input-array" count="31"><param name="TIME" type="float"/></accessor></technique_common></source><source id="RightLeg-Matrix-animation-output-transform"><float_array id="RightLeg-Matrix-animation-output-transform-array" count="496">

0.991553 0.000643 0.129701 -0.484100 0.050705 0.918485 -0.392191 -32.551498 -0.119380 0.395455 0.910694 0.112900 0.000000 0.000000 0.000000 1.000000
0.989013 -0.002162 0.147810 -0.484100 0.054107 0.935804 -0.348345 -32.551498 -0.137568 0.352515 0.925639 0.112900 0.000000 0.000000 0.000000 1.000000
0.985713 -0.010103 0.168131 -0.484100 0.064513 0.944724 -0.321457 -32.551498 -0.155590 0.327711 0.931878 0.112900 0.000000 0.000000 0.000000 1.000000
